study,rep,subject,sex,date,session,pair,small_num,large_num,large_side,small_birds,large_birds,choice,choose_larger
Food,1,Fozzie,Male,2021-03-11T00:00:00Z,1,1-4,1,4,R,NA,NA,R,1
Food,1,Fozzie,Male,2021-03-11T00:00:00Z,1,5-6,5,6,R,NA,NA,R,1
Food,1,Fozzie,Male,2021-03-11T00:00:00Z,1,1-2,1,2,R,NA,NA,R,1
Food,1,Fozzie,Male,2021-03-11T00:00:00Z,1,2-3,2,3,L,NA,NA,R,0
Food,1,Fozzie,Male,2021-03-11T00:00:00Z,1,2-5,2,5,L,NA,NA,L,1
Food,1,Fozzie,Male,2021-03-12T00:00:00Z,2,2-4,2,4,R,NA,NA,R,1
Food,1,Fozzie,Male,2021-03-12T00:00:00Z,2,1-6,1,6,L,NA,NA,L,1
Food,1,Fozzie,Male,2021-03-14T00:00:00Z,3,4-5,4,5,L,NA,NA,R,0
Food,1,Fozzie,Male,2021-03-14T00:00:00Z,3,2-6,2,6,L,NA,NA,R,0
Food,1,Fozzie,Male,2021-03-14T00:00:00Z,3,3-4,3,4,R,NA,NA,R,1
Food,1,Fozzie,Male,2021-03-14T00:00:00Z,3,3-5,3,5,L,NA,NA,R,0
Food,1,Fozzie,Male,2021-03-14T00:00:00Z,3,1-3,1,3,L,NA,NA,R,0
Food,1,Fozzie,Male,2021-03-16T00:00:00Z,5,4-6,4,6,L,NA,NA,R,0
Food,1,Fozzie,Male,2021-03-16T00:00:00Z,5,1-5,1,5,L,NA,NA,R,0
Food,1,Fozzie,Male,2021-03-16T00:00:00Z,5,3-6,3,6,L,NA,NA,R,0
Food,1,Fozzie,Male,2021-03-16T00:00:00Z,5,4-5,4,5,R,NA,NA,R,1
Food,1,Fozzie,Male,2021-03-16T00:00:00Z,5,1-4,1,4,L,NA,NA,R,0
Food,1,Fozzie,Male,2021-05-28T00:00:00Z,53,3-5,3,5,R,NA,NA,R,1
Food,1,Fozzie,Male,2021-06-02T00:00:00Z,56,1-5,1,5,R,NA,NA,R,1
Food,1,Fozzie,Male,2021-06-02T00:00:00Z,56,2-6,2,6,R,NA,NA,R,1
Food,1,Fozzie,Male,2021-06-02T00:00:00Z,56,2-3,2,3,L,NA,NA,L,1
Food,1,Fozzie,Male,2021-06-02T00:00:00Z,56,3-4,3,4,R,NA,NA,R,1
Food,1,Fozzie,Male,2021-03-18T00:00:00Z,7,1-6,1,6,R,NA,NA,R,1
Food,1,Fozzie,Male,2021-03-18T00:00:00Z,7,4-6,4,6,L,NA,NA,R,0
Food,1,Fozzie,Male,2021-03-18T00:00:00Z,7,3-6,3,6,L,NA,NA,R,0
Food,1,Fozzie,Male,2021-03-18T00:00:00Z,7,1-2,1,2,L,NA,NA,R,0
Food,1,Fozzie,Male,2021-03-18T00:00:00Z,7,2-5,2,5,R,NA,NA,R,1
Food,1,Fozzie,Male,2021-03-18T00:00:00Z,8,1-3,1,3,R,NA,NA,L,0
Food,1,Fozzie,Male,2021-03-22T00:00:00Z,9,2-4,2,4,R,NA,NA,L,0
Food,1,Fozzie,Male,2021-03-22T00:00:00Z,9,5-6,5,6,L,NA,NA,R,0
Food,1,Fozzie,Male,2021-03-22T00:00:00Z,9,3-5,3,5,L,NA,NA,R,0
Food,1,Fozzie,Male,2021-03-22T00:00:00Z,9,1-4,1,4,R,NA,NA,R,1
Food,1,Fozzie,Male,2021-03-22T00:00:00Z,9,2-4,2,4,L,NA,NA,L,1
Food,1,Fozzie,Male,2021-03-23T00:00:00Z,10,3-6,3,6,L,NA,NA,R,0
Food,1,Fozzie,Male,2021-03-23T00:00:00Z,10,4-6,4,6,L,NA,NA,R,0
Food,1,Fozzie,Male,2021-03-23T00:00:00Z,10,5-6,5,6,L,NA,NA,R,0
Food,1,Fozzie,Male,2021-03-23T00:00:00Z,10,2-5,2,5,L,NA,NA,R,0
Food,1,Fozzie,Male,2021-03-24T00:00:00Z,11,1-2,1,2,R,NA,NA,R,1
Food,1,Fozzie,Male,2021-03-25T00:00:00Z,12,1-3,1,3,L,NA,NA,L,1
Food,1,Fozzie,Male,2021-03-25T00:00:00Z,12,4-5,4,5,R,NA,NA,R,1
Food,1,Fozzie,Male,2021-03-25T00:00:00Z,12,2-6,2,6,R,NA,NA,R,1
Food,1,Fozzie,Male,2021-03-25T00:00:00Z,12,1-5,1,5,R,NA,NA,R,1
Food,1,Fozzie,Male,2021-03-25T00:00:00Z,12,3-4,3,4,L,NA,NA,R,0
Food,1,Fozzie,Male,2021-03-26T00:00:00Z,14,1-6,1,6,L,NA,NA,L,1
Food,1,Fozzie,Male,2021-03-26T00:00:00Z,14,2-3,2,3,L,NA,NA,R,0
Food,1,Fozzie,Male,2021-03-26T00:00:00Z,14,2-4,2,4,L,NA,NA,R,0
Food,1,Fozzie,Male,2021-03-26T00:00:00Z,14,4-6,4,6,L,NA,NA,R,0
Food,1,Fozzie,Male,2021-03-26T00:00:00Z,14,2-5,2,5,L,NA,NA,L,1
Food,1,Fozzie,Male,2021-03-30T00:00:00Z,15,3-6,3,6,L,NA,NA,L,1
Food,1,Fozzie,Male,2021-03-31T00:00:00Z,16,1-4,1,4,L,NA,NA,R,0
Food,1,Fozzie,Male,2021-03-31T00:00:00Z,16,3-4,3,4,L,NA,NA,R,0
Food,1,Fozzie,Male,2021-03-31T00:00:00Z,16,2-3,2,3,L,NA,NA,R,0
Food,1,Fozzie,Male,2021-04-01T00:00:00Z,17,2-6,2,6,R,NA,NA,R,1
Food,1,Fozzie,Male,2021-04-01T00:00:00Z,17,4-5,4,5,L,NA,NA,L,1
Food,1,Fozzie,Male,2021-04-05T00:00:00Z,18,1-2,1,2,L,NA,NA,L,1
Food,1,Fozzie,Male,2021-04-05T00:00:00Z,18,3-5,3,5,R,NA,NA,R,1
Food,1,Fozzie,Male,2021-04-05T00:00:00Z,18,1-3,1,3,L,NA,NA,L,1
Food,1,Fozzie,Male,2021-04-05T00:00:00Z,18,1-5,1,5,R,NA,NA,R,1
Food,1,Fozzie,Male,2021-04-05T00:00:00Z,18,1-6,1,6,L,NA,NA,L,1
Food,1,Fozzie,Male,2021-04-06T00:00:00Z,19,5-6,5,6,L,NA,NA,R,0
Food,1,Fozzie,Male,2021-04-06T00:00:00Z,19,2-6,2,6,R,NA,NA,R,1
Food,1,Fozzie,Male,2021-04-07T00:00:00Z,20,2-5,2,5,R,NA,NA,R,1
Food,1,Fozzie,Male,2021-04-07T00:00:00Z,20,1-4,1,4,L,NA,NA,R,0
Food,1,Fozzie,Male,2021-04-07T00:00:00Z,20,1-3,1,3,L,NA,NA,L,1
Food,1,Fozzie,Male,2021-04-09T00:00:00Z,21,1-6,1,6,L,NA,NA,L,1
Food,1,Fozzie,Male,2021-04-12T00:00:00Z,22,2-4,2,4,R,NA,NA,L,0
Food,1,Fozzie,Male,2021-04-12T00:00:00Z,22,1-5,1,5,L,NA,NA,L,1
Food,1,Fozzie,Male,2021-04-12T00:00:00Z,22,4-5,4,5,L,NA,NA,R,0
Food,1,Fozzie,Male,2021-04-13T00:00:00Z,23,3-5,3,5,R,NA,NA,L,0
Food,1,Fozzie,Male,2021-04-14T00:00:00Z,24,4-6,4,6,R,NA,NA,R,1
Food,1,Fozzie,Male,2021-04-14T00:00:00Z,24,2-3,2,3,L,NA,NA,R,0
Food,1,Fozzie,Male,2021-04-14T00:00:00Z,24,1-2,1,2,R,NA,NA,R,1
Food,1,Fozzie,Male,2021-04-14T00:00:00Z,24,3-4,3,4,R,NA,NA,L,0
Food,1,Fozzie,Male,2021-04-14T00:00:00Z,24,5-6,5,6,R,NA,NA,R,1
Food,1,Fozzie,Male,2021-04-14T00:00:00Z,24,3-6,3,6,R,NA,NA,L,0
Food,1,Fozzie,Male,2021-04-16T00:00:00Z,26,2-6,2,6,L,NA,NA,R,0
Food,1,Fozzie,Male,2021-04-20T00:00:00Z,27,1-3,1,3,L,NA,NA,L,1
Food,1,Fozzie,Male,2021-04-20T00:00:00Z,27,4-6,4,6,L,NA,NA,L,1
Food,1,Fozzie,Male,2021-04-21T00:00:00Z,28,4-5,4,5,R,NA,NA,L,0
Food,1,Fozzie,Male,2021-04-21T00:00:00Z,28,2-4,2,4,R,NA,NA,R,1
Food,1,Fozzie,Male,2021-04-23T00:00:00Z,30,2-5,2,5,R,NA,NA,R,1
Food,1,Fozzie,Male,2021-04-26T00:00:00Z,31,1-5,1,5,L,NA,NA,L,1
Food,1,Fozzie,Male,2021-04-26T00:00:00Z,31,1-6,1,6,R,NA,NA,L,0
Food,1,Fozzie,Male,2021-04-26T00:00:00Z,31,3-5,3,5,L,NA,NA,L,1
Food,1,Fozzie,Male,2021-04-26T00:00:00Z,31,3-4,3,4,L,NA,NA,R,0
Food,1,Fozzie,Male,2021-04-27T00:00:00Z,32,2-3,2,3,R,NA,NA,R,1
Food,1,Fozzie,Male,2021-04-27T00:00:00Z,32,1-4,1,4,R,NA,NA,R,1
Food,1,Fozzie,Male,2021-04-27T00:00:00Z,32,5-6,5,6,R,NA,NA,L,0
Food,1,Fozzie,Male,2021-04-29T00:00:00Z,24,3-6,3,6,L,NA,NA,L,1
Food,1,Fozzie,Male,2021-04-29T00:00:00Z,24,1-2,1,2,R,NA,NA,R,1
Food,1,Fozzie,Male,2021-04-30T00:00:00Z,35,1-5,1,5,L,NA,NA,L,1
Food,1,Fozzie,Male,2021-04-30T00:00:00Z,35,4-5,4,5,R,NA,NA,L,0
Food,1,Fozzie,Male,2021-04-30T00:00:00Z,35,3-6,3,6,L,NA,NA,L,1
Food,1,Fozzie,Male,2021-04-30T00:00:00Z,35,3-4,3,4,L,NA,NA,L,1
Food,1,Fozzie,Male,2021-04-30T00:00:00Z,35,2-5,2,5,L,NA,NA,L,1
Food,1,Fozzie,Male,2021-05-04T00:00:00Z,36,1-3,1,3,R,NA,NA,R,1
Food,1,Fozzie,Male,2021-05-04T00:00:00Z,36,2-6,2,6,L,NA,NA,L,1
Food,1,Fozzie,Male,2021-05-04T00:00:00Z,36,2-4,2,4,L,NA,NA,L,1
Food,1,Fozzie,Male,2021-05-04T00:00:00Z,36,1-4,1,4,L,NA,NA,R,0
Food,1,Fozzie,Male,2021-05-04T00:00:00Z,36,3-5,3,5,L,NA,NA,R,0
Food,1,Fozzie,Male,2021-05-05T00:00:00Z,37,2-3,2,3,L,NA,NA,L,1
Food,1,Fozzie,Male,2021-05-06T00:00:00Z,38,1-2,1,2,L,NA,NA,L,1
Food,1,Fozzie,Male,2021-05-06T00:00:00Z,38,1-6,1,6,L,NA,NA,L,1
Food,1,Fozzie,Male,2021-05-06T00:00:00Z,38,4-6,4,6,R,NA,NA,R,1
Food,1,Fozzie,Male,2021-05-06T00:00:00Z,38,5-6,5,6,L,NA,NA,L,1
Food,1,Fozzie,Male,2021-05-07T00:00:00Z,39,2-6,2,6,R,NA,NA,R,1
Food,1,Fozzie,Male,2021-05-11T00:00:00Z,40,3-4,3,4,L,NA,NA,L,1
Food,1,Fozzie,Male,2021-05-11T00:00:00Z,40,2-4,2,4,L,NA,NA,R,0
Food,1,Fozzie,Male,2021-05-11T00:00:00Z,40,2-5,2,5,L,NA,NA,R,0
Food,1,Fozzie,Male,2021-05-11T00:00:00Z,40,1-5,1,5,L,NA,NA,R,0
Food,1,Fozzie,Male,2021-05-11T00:00:00Z,40,3-6,3,6,R,NA,NA,R,1
Food,1,Fozzie,Male,2021-05-12T00:00:00Z,41,1-6,1,6,R,NA,NA,R,1
Food,1,Fozzie,Male,2021-05-12T00:00:00Z,41,2-3,2,3,R,NA,NA,R,1
Food,1,Fozzie,Male,2021-05-12T00:00:00Z,41,1-3,1,3,L,NA,NA,R,0
Food,1,Fozzie,Male,2021-05-12T00:00:00Z,41,5-6,5,6,R,NA,NA,R,1
Food,1,Fozzie,Male,2021-05-12T00:00:00Z,41,1-4,1,4,L,NA,NA,L,1
Food,1,Fozzie,Male,2021-05-13T00:00:00Z,42,4-5,4,5,R,NA,NA,R,1
Food,1,Fozzie,Male,2021-05-13T00:00:00Z,42,1-2,1,2,R,NA,NA,R,1
Food,1,Fozzie,Male,2021-05-13T00:00:00Z,42,3-5,3,5,L,NA,NA,L,1
Food,1,Fozzie,Male,2021-05-13T00:00:00Z,42,4-6,4,6,R,NA,NA,R,1
Food,1,Fozzie,Male,2021-05-13T00:00:00Z,42,3-6,3,6,R,NA,NA,R,1
Food,1,Fozzie,Male,2021-05-14T00:00:00Z,43,2-5,2,5,R,NA,NA,R,1
Food,1,Fozzie,Male,2021-05-14T00:00:00Z,43,3-4,3,4,L,NA,NA,R,0
Food,1,Fozzie,Male,2021-05-14T00:00:00Z,43,2-3,2,3,L,NA,NA,R,0
Food,1,Fozzie,Male,2021-05-14T00:00:00Z,43,1-4,1,4,R,NA,NA,R,1
Food,1,Fozzie,Male,2021-05-17T00:00:00Z,44,4-5,4,5,L,NA,NA,R,0
Food,1,Fozzie,Male,2021-05-17T00:00:00Z,44,4-6,4,6,R,NA,NA,R,1
Food,1,Fozzie,Male,2021-05-17T00:00:00Z,44,5-6,5,6,L,NA,NA,L,1
Food,1,Fozzie,Male,2021-05-17T00:00:00Z,44,1-3,1,3,L,NA,NA,R,0
Food,1,Fozzie,Male,2021-05-18T00:00:00Z,45,3-5,3,5,R,NA,NA,R,1
Food,1,Fozzie,Male,2021-05-18T00:00:00Z,45,1-5,1,5,L,NA,NA,L,1
Food,1,Fozzie,Male,2021-05-21T00:00:00Z,47,1-6,1,6,L,NA,NA,R,0
Food,1,Fozzie,Male,2021-05-21T00:00:00Z,47,1-2,1,2,R,NA,NA,R,1
Food,1,Fozzie,Male,2021-05-21T00:00:00Z,47,2-4,2,4,L,NA,NA,R,0
Food,1,Fozzie,Male,2021-05-21T00:00:00Z,47,2-6,2,6,R,NA,NA,R,1
Food,1,Fozzie,Male,2021-05-21T00:00:00Z,47,3-6,3,6,L,NA,NA,R,0
Food,1,Fozzie,Male,2021-05-22T00:00:00Z,48,4-5,4,5,R,NA,NA,R,1
Food,1,Fozzie,Male,2021-05-22T00:00:00Z,48,3-4,3,4,R,NA,NA,R,1
Food,1,Fozzie,Male,2021-05-24T00:00:00Z,49,1-2,1,2,L,NA,NA,L,1
Food,1,Fozzie,Male,2021-05-24T00:00:00Z,49,2-4,2,4,R,NA,NA,R,1
Food,1,Fozzie,Male,2021-05-24T00:00:00Z,49,5-6,5,6,L,NA,NA,R,0
Food,1,Fozzie,Male,2021-05-24T00:00:00Z,49,3-5,3,5,L,NA,NA,L,1
Food,1,Fozzie,Male,2021-05-25T00:00:00Z,50,2-6,2,6,L,NA,NA,L,1
Food,1,Fozzie,Male,2021-05-25T00:00:00Z,50,2-3,2,3,R,NA,NA,R,1
Food,1,Fozzie,Male,2021-05-25T00:00:00Z,50,1-4,1,4,L,NA,NA,L,1
Food,1,Fozzie,Male,2021-05-25T00:00:00Z,50,1-3,1,3,R,NA,NA,R,1
Food,1,Fozzie,Male,2021-05-26T00:00:00Z,51,2-5,2,5,R,NA,NA,R,1
Food,1,Fozzie,Male,2021-05-26T00:00:00Z,51,1-6,1,6,R,NA,NA,R,1
Food,1,Fozzie,Male,2021-05-26T00:00:00Z,51,1-5,1,5,L,NA,NA,L,1
Food,1,Fozzie,Male,2021-05-27T00:00:00Z,52,4-6,4,6,R,NA,NA,R,1
Food,1,Uno,Female,2021-03-11T00:00:00Z,1,3-4,3,4,R,NA,NA,L,0
Food,1,Uno,Female,2021-03-11T00:00:00Z,1,2-6,2,6,L,NA,NA,R,0
Food,1,Uno,Female,2021-03-12T00:00:00Z,2,1-2,1,2,R,NA,NA,R,1
Food,1,Uno,Female,2021-03-12T00:00:00Z,2,4-5,4,5,L,NA,NA,L,1
Food,1,Uno,Female,2021-03-12T00:00:00Z,2,1-4,1,4,L,NA,NA,L,1
Food,1,Uno,Female,2021-03-12T00:00:00Z,2,3-5,3,5,R,NA,NA,L,0
Food,1,Uno,Female,2021-03-14T00:00:00Z,3,2-3,2,3,L,NA,NA,L,1
Food,1,Uno,Female,2021-03-14T00:00:00Z,3,1-6,1,6,L,NA,NA,L,1
Food,1,Uno,Female,2021-03-14T00:00:00Z,3,1-3,1,3,R,NA,NA,R,1
Food,1,Uno,Female,2021-03-16T00:00:00Z,5,1-5,1,5,L,NA,NA,L,1
Food,1,Uno,Female,2021-03-17T00:00:00Z,6,4-6,4,6,L,NA,NA,R,0
Food,1,Uno,Female,2021-03-19T00:00:00Z,4,2-5,2,5,L,NA,NA,L,1
Food,1,Uno,Female,2021-03-19T00:00:00Z,4,3-6,3,6,R,NA,NA,L,0
Food,1,Uno,Female,2021-03-19T00:00:00Z,4,5-6,5,6,L,NA,NA,L,1
Food,1,Uno,Female,2021-03-19T00:00:00Z,4,2-4,2,4,R,NA,NA,L,0
Food,1,Uno,Female,2021-03-19T00:00:00Z,4,1-6,1,6,R,NA,NA,R,1
Food,1,Uno,Female,2021-03-22T00:00:00Z,9,4-6,4,6,L,NA,NA,L,1
Food,1,Uno,Female,2021-03-22T00:00:00Z,9,1-4,1,4,R,NA,NA,L,0
Food,1,Uno,Female,2021-03-22T00:00:00Z,9,5-6,5,6,R,NA,NA,L,0
Food,1,Uno,Female,2021-03-22T00:00:00Z,9,1-2,1,2,L,NA,NA,L,1
Food,1,Uno,Female,2021-03-23T00:00:00Z,10,1-5,1,5,R,NA,NA,R,1
Food,1,Uno,Female,2021-03-23T00:00:00Z,10,1-3,1,3,R,NA,NA,R,1
Food,1,Uno,Female,2021-03-23T00:00:00Z,10,3-6,3,6,R,NA,NA,R,1
Food,1,Uno,Female,2021-03-23T00:00:00Z,10,2-5,2,5,R,NA,NA,R,1
Food,1,Uno,Female,2021-03-23T00:00:00Z,10,2-6,2,6,R,NA,NA,L,0
Food,1,Uno,Female,2021-03-24T00:00:00Z,11,4-5,4,5,L,NA,NA,L,1
Food,1,Uno,Female,2021-03-24T00:00:00Z,11,3-5,3,5,R,NA,NA,L,0
Food,1,Uno,Female,2021-03-24T00:00:00Z,11,3-4,3,4,R,NA,NA,L,0
Food,1,Uno,Female,2021-03-25T00:00:00Z,12,2-3,2,3,L,NA,NA,L,1
Food,1,Uno,Female,2021-03-25T00:00:00Z,12,2-4,2,4,L,NA,NA,L,1
Food,1,Uno,Female,2021-03-25T00:00:00Z,12,2-5,2,5,L,NA,NA,L,1
Food,1,Uno,Female,2021-03-25T00:00:00Z,12,2-4,2,4,R,NA,NA,R,1
Food,1,Uno,Female,2021-03-26T00:00:00Z,13,3-4,3,4,L,NA,NA,L,1
Food,1,Uno,Female,2021-03-29T00:00:00Z,14,5-6,5,6,R,NA,NA,R,1
Food,1,Uno,Female,2021-03-29T00:00:00Z,14,4-5,4,5,L,NA,NA,R,0
Food,1,Uno,Female,2021-03-30T00:00:00Z,15,2-3,2,3,R,NA,NA,L,0
Food,1,Uno,Female,2021-03-31T00:00:00Z,16,1-4,1,4,R,NA,NA,R,1
Food,1,Uno,Female,2021-03-31T00:00:00Z,16,3-5,3,5,L,NA,NA,L,1
Food,1,Uno,Female,2021-03-31T00:00:00Z,16,1-2,1,2,R,NA,NA,R,1
Food,1,Uno,Female,2021-03-31T00:00:00Z,16,3-6,3,6,R,NA,NA,L,0
Food,1,Uno,Female,2021-04-01T00:00:00Z,17,1-3,1,3,R,NA,NA,R,1
Food,1,Uno,Female,2021-04-01T00:00:00Z,17,1-5,1,5,L,NA,NA,L,1
Food,1,Uno,Female,2021-04-01T00:00:00Z,17,1-6,1,6,L,NA,NA,L,1
Food,1,Uno,Female,2021-04-01T00:00:00Z,17,4-6,4,6,R,NA,NA,L,0
Food,1,Uno,Female,2021-04-05T00:00:00Z,18,2-6,2,6,L,NA,NA,L,1
Food,1,Uno,Female,2021-04-05T00:00:00Z,18,2-5,2,5,L,NA,NA,L,1
Food,1,Uno,Female,2021-04-05T00:00:00Z,18,1-3,1,3,R,NA,NA,L,0
Food,1,Uno,Female,2021-04-05T00:00:00Z,18,3-6,3,6,L,NA,NA,L,1
Food,1,Uno,Female,2021-04-05T00:00:00Z,18,2-3,2,3,R,NA,NA,L,0
Food,1,Uno,Female,2021-04-06T00:00:00Z,19,2-4,2,4,R,NA,NA,L,0
Food,1,Uno,Female,2021-04-06T00:00:00Z,19,3-5,3,5,L,NA,NA,L,1
Food,1,Uno,Female,2021-04-06T00:00:00Z,19,1-2,1,2,R,NA,NA,R,1
Food,1,Uno,Female,2021-04-07T00:00:00Z,20,1-6,1,6,R,NA,NA,L,0
Food,1,Uno,Female,2021-04-07T00:00:00Z,20,1-4,1,4,L,NA,NA,L,1
Food,1,Uno,Female,2021-04-07T00:00:00Z,20,4-5,4,5,R,NA,NA,R,1
Food,1,Uno,Female,2021-04-07T00:00:00Z,20,2-6,2,6,R,NA,NA,L,0
Food,1,Uno,Female,2021-04-09T00:00:00Z,21,5-6,5,6,R,NA,NA,L,0
Food,1,Uno,Female,2021-04-09T00:00:00Z,21,1-5,1,5,R,NA,NA,R,1
Food,1,Uno,Female,2021-04-09T00:00:00Z,21,3-4,3,4,R,NA,NA,L,0
Food,1,Uno,Female,2021-04-09T00:00:00Z,21,4-6,4,6,R,NA,NA,L,0
Food,1,Uno,Female,2021-04-22T00:00:00Z,22,4-5,4,5,R,NA,NA,L,0
Food,1,Uno,Female,2021-04-22T00:00:00Z,22,5-6,5,6,L,NA,NA,L,1
Food,1,Uno,Female,2021-04-22T00:00:00Z,22,3-6,3,6,L,NA,NA,L,1
Food,1,Uno,Female,2021-04-22T00:00:00Z,22,2-5,2,5,L,NA,NA,L,1
Food,1,Uno,Female,2021-04-22T00:00:00Z,22,2-6,2,6,L,NA,NA,L,1
Food,1,Uno,Female,2021-04-13T00:00:00Z,23,1-6,1,6,R,NA,NA,R,1
Food,1,Uno,Female,2021-04-13T00:00:00Z,23,1-4,1,4,L,NA,NA,L,1
Food,1,Uno,Female,2021-04-13T00:00:00Z,23,1-2,1,2,L,NA,NA,L,1
Food,1,Uno,Female,2021-04-13T00:00:00Z,23,4-6,4,6,R,NA,NA,L,0
Food,1,Uno,Female,2021-04-13T00:00:00Z,23,1-5,1,5,R,NA,NA,L,0
Food,1,Uno,Female,2021-04-14T00:00:00Z,24,2-3,2,3,R,NA,NA,L,0
Food,1,Uno,Female,2021-04-14T00:00:00Z,24,1-3,1,3,L,NA,NA,L,1
Food,1,Uno,Female,2021-04-14T00:00:00Z,24,2-4,2,4,L,NA,NA,L,1
Food,1,Uno,Female,2021-04-14T00:00:00Z,24,3-5,3,5,L,NA,NA,L,1
Food,1,Uno,Female,2021-04-14T00:00:00Z,24,3-4,3,4,R,NA,NA,L,0
Food,1,Uno,Female,2021-04-15T00:00:00Z,25,3-4,3,4,L,NA,NA,L,1
Food,1,Uno,Female,2021-04-15T00:00:00Z,25,1-3,1,3,L,NA,NA,L,1
Food,1,Uno,Female,2021-04-15T00:00:00Z,25,2-4,2,4,L,NA,NA,L,1
Food,1,Uno,Female,2021-04-15T00:00:00Z,25,4-5,4,5,R,NA,NA,L,0
Food,1,Uno,Female,2021-04-15T00:00:00Z,25,4-6,4,6,L,NA,NA,L,1
Food,1,Uno,Female,2021-04-16T00:00:00Z,26,1-5,1,5,R,NA,NA,R,1
Food,1,Uno,Female,2021-04-16T00:00:00Z,26,3-6,3,6,L,NA,NA,L,1
Food,1,Uno,Female,2021-04-16T00:00:00Z,26,1-4,1,4,R,NA,NA,R,1
Food,1,Uno,Female,2021-04-16T00:00:00Z,26,3-5,3,5,R,NA,NA,L,0
Food,1,Uno,Female,2021-04-16T00:00:00Z,26,2-5,2,5,R,NA,NA,L,0
Food,1,Uno,Female,2021-04-20T00:00:00Z,27,2-6,2,6,R,NA,NA,L,0
Food,1,Uno,Female,2021-04-20T00:00:00Z,27,2-3,2,3,L,NA,NA,L,1
Food,1,Uno,Female,2021-04-20T00:00:00Z,27,1-2,1,2,L,NA,NA,L,1
Food,1,Uno,Female,2021-04-20T00:00:00Z,27,1-6,1,6,L,NA,NA,L,1
Food,1,Uno,Female,2021-04-20T00:00:00Z,27,5-6,5,6,L,NA,NA,L,1
Food,1,Uno,Female,2021-04-21T00:00:00Z,28,2-6,2,6,L,NA,NA,L,1
Food,1,Uno,Female,2021-04-21T00:00:00Z,28,4-6,4,6,L,NA,NA,L,1
Food,1,Uno,Female,2021-04-21T00:00:00Z,28,2-5,2,5,R,NA,NA,R,1
Food,1,Uno,Female,2021-04-22T00:00:00Z,29,2-3,2,3,L,NA,NA,L,1
Food,1,Uno,Female,2021-04-22T00:00:00Z,29,3-4,3,4,L,NA,NA,L,1
Food,1,Uno,Female,2021-04-22T00:00:00Z,29,1-2,1,2,L,NA,NA,L,1
Food,1,Uno,Female,2021-04-22T00:00:00Z,29,1-4,1,4,L,NA,NA,L,1
Food,1,Uno,Female,2021-04-22T00:00:00Z,29,1-5,1,5,R,NA,NA,L,0
Food,1,Uno,Female,2021-04-23T00:00:00Z,30,5-6,5,6,R,NA,NA,L,0
Food,1,Uno,Female,2021-04-26T00:00:00Z,31,1-6,1,6,R,NA,NA,L,0
Food,1,Uno,Female,2021-04-26T00:00:00Z,31,3-5,3,5,R,NA,NA,R,1
Food,1,Uno,Female,2021-04-27T00:00:00Z,32,1-3,1,3,R,NA,NA,R,1
Food,1,Uno,Female,2021-04-27T00:00:00Z,32,3-6,3,6,R,NA,NA,R,1
Food,1,Uno,Female,2021-04-27T00:00:00Z,32,4-5,4,5,R,NA,NA,L,0
Food,1,Uno,Female,2021-04-27T00:00:00Z,32,2-4,2,4,L,NA,NA,L,1
Food,1,Uno,Female,2021-04-28T00:00:00Z,33,2-5,2,5,R,NA,NA,L,0
Food,1,Uno,Female,2021-04-28T00:00:00Z,33,2-4,2,4,R,NA,NA,L,0
Food,1,Uno,Female,2021-04-28T00:00:00Z,33,3-6,3,6,R,NA,NA,L,0
Food,1,Uno,Female,2021-04-28T00:00:00Z,33,5-6,5,6,R,NA,NA,L,0
Food,1,Uno,Female,2021-04-28T00:00:00Z,33,3-4,3,4,R,NA,NA,L,0
Food,1,Uno,Female,2021-04-29T00:00:00Z,34,1-5,1,5,L,NA,NA,L,1
Food,1,Uno,Female,2021-04-29T00:00:00Z,34,4-5,4,5,R,NA,NA,L,0
Food,1,Uno,Female,2021-04-30T00:00:00Z,35,4-6,4,6,R,NA,NA,L,0
Food,1,Uno,Female,2021-04-30T00:00:00Z,35,2-3,2,3,L,NA,NA,L,1
Food,1,Uno,Female,2021-05-04T00:00:00Z,36,2-6,2,6,L,NA,NA,L,1
Food,1,Uno,Female,2021-05-04T00:00:00Z,36,1-6,1,6,R,NA,NA,L,0
Food,1,Uno,Female,2021-05-11T00:00:00Z,40,1-3,1,3,L,NA,NA,L,1
Food,1,Uno,Female,2021-05-11T00:00:00Z,40,3-5,3,5,R,NA,NA,L,0
Food,1,Uno,Female,2021-05-11T00:00:00Z,40,1-4,1,4,R,NA,NA,L,0
Food,1,Uno,Female,2021-05-11T00:00:00Z,40,1-2,1,2,R,NA,NA,L,0
Food,1,Uno,Female,2021-05-12T00:00:00Z,41,1-4,1,4,R,NA,NA,R,1
Food,1,Uno,Female,2021-05-12T00:00:00Z,41,2-4,2,4,R,NA,NA,R,1
Food,1,Uno,Female,2021-05-12T00:00:00Z,41,1-5,1,5,L,NA,NA,L,1
Food,1,Uno,Female,2021-05-12T00:00:00Z,41,4-5,4,5,R,NA,NA,R,1
Food,1,Uno,Female,2021-05-12T00:00:00Z,41,3-5,3,5,L,NA,NA,L,1
Food,1,Uno,Female,2021-05-13T00:00:00Z,42,2-6,2,6,L,NA,NA,L,1
Food,1,Uno,Female,2021-05-13T00:00:00Z,42,2-3,2,3,L,NA,NA,L,1
Food,1,Uno,Female,2021-05-13T00:00:00Z,42,2-5,2,5,R,NA,NA,L,0
Food,1,Uno,Female,2021-05-14T00:00:00Z,43,4-6,4,6,L,NA,NA,L,1
Food,1,Uno,Female,2021-05-14T00:00:00Z,43,1-6,1,6,R,NA,NA,R,1
Food,1,Uno,Female,2021-05-17T00:00:00Z,44,1-2,1,2,L,NA,NA,L,1
Food,1,Uno,Female,2021-05-17T00:00:00Z,44,5-6,5,6,R,NA,NA,L,0
Food,1,Uno,Female,2021-05-17T00:00:00Z,44,3-6,3,6,L,NA,NA,L,1
Food,1,Uno,Female,2021-05-17T00:00:00Z,44,3-4,3,4,L,NA,NA,L,1
Food,1,Uno,Female,2021-05-17T00:00:00Z,44,1-3,1,3,L,NA,NA,L,1
Food,1,Uno,Female,2021-05-18T00:00:00Z,45,3-4,3,4,L,NA,NA,L,1
Food,1,Uno,Female,2021-05-18T00:00:00Z,45,5-6,5,6,L,NA,NA,L,1
Food,1,Uno,Female,2021-05-18T00:00:00Z,45,3-5,3,5,L,NA,NA,L,1
Food,1,Uno,Female,2021-05-18T00:00:00Z,45,1-5,1,5,R,NA,NA,L,0
Food,1,Uno,Female,2021-05-18T00:00:00Z,45,1-3,1,3,R,NA,NA,L,0
Food,1,Uno,Female,2021-05-19T00:00:00Z,46,1-2,1,2,L,NA,NA,L,1
Food,1,Uno,Female,2021-05-19T00:00:00Z,46,2-6,2,6,L,NA,NA,L,1
Food,1,Uno,Female,2021-05-19T00:00:00Z,46,4-5,4,5,R,NA,NA,L,0
Food,1,Uno,Female,2021-05-19T00:00:00Z,46,2-3,2,3,R,NA,NA,L,0
Food,1,Uno,Female,2021-05-19T00:00:00Z,46,4-6,4,6,L,NA,NA,L,1
Food,1,Uno,Female,2021-05-21T00:00:00Z,47,2-4,2,4,L,NA,NA,L,1
Food,1,Uno,Female,2021-05-21T00:00:00Z,47,2-5,2,5,R,NA,NA,L,0
Food,1,Uno,Female,2021-05-21T00:00:00Z,47,1-6,1,6,L,NA,NA,L,1
Food,1,Uno,Female,2021-05-22T00:00:00Z,48,3-6,3,6,L,NA,NA,L,1
Food,1,Uno,Female,2021-05-22T00:00:00Z,48,1-4,1,4,R,NA,NA,L,0
Food,1,Fern,Male,2021-03-11T00:00:00Z,1,4-6,4,6,L,NA,NA,R,0
Food,1,Fern,Male,2021-03-11T00:00:00Z,1,1-6,1,6,L,NA,NA,L,1
Food,1,Fern,Male,2021-03-11T00:00:00Z,1,1-4,1,4,L,NA,NA,R,0
Food,1,Fern,Male,2021-03-11T00:00:00Z,1,1-2,1,2,R,NA,NA,R,1
Food,1,Fern,Male,2021-03-11T00:00:00Z,1,1-3,1,3,R,NA,NA,R,1
Food,1,Fern,Male,2021-03-12T00:00:00Z,2,2-4,2,4,L,NA,NA,R,0
Food,1,Fern,Male,2021-03-12T00:00:00Z,2,5-6,5,6,R,NA,NA,R,1
Food,1,Fern,Male,2021-03-14T00:00:00Z,3,3-4,3,4,R,NA,NA,R,1
Food,1,Fern,Male,2021-03-14T00:00:00Z,3,4-5,4,5,R,NA,NA,R,1
Food,1,Fern,Male,2021-03-14T00:00:00Z,3,1-5,1,5,R,NA,NA,R,1
Food,1,Fern,Male,2021-03-16T00:00:00Z,5,2-3,2,3,R,NA,NA,L,0
Food,1,Fern,Male,2021-03-16T00:00:00Z,5,3-5,3,5,L,NA,NA,R,0
Food,1,Fern,Male,2021-03-16T00:00:00Z,5,3-6,3,6,L,NA,NA,R,0
Food,1,Fern,Male,2021-03-16T00:00:00Z,6,2-5,2,5,L,NA,NA,L,1
Food,1,Fern,Male,2021-03-16T00:00:00Z,6,2-6,2,6,L,NA,NA,L,1
Food,1,Fern,Male,2021-03-18T00:00:00Z,7,1-4,1,4,R,NA,NA,R,1
Food,1,Fern,Male,2021-03-18T00:00:00Z,7,2-3,2,3,R,NA,NA,R,1
Food,1,Fern,Male,2021-03-18T00:00:00Z,7,4-5,4,5,L,NA,NA,R,0
Food,1,Fern,Male,2021-03-18T00:00:00Z,7,3-6,3,6,R,NA,NA,R,1
Food,1,Fern,Male,2021-03-18T00:00:00Z,7,3-5,3,5,L,NA,NA,R,0
Food,1,Fern,Male,2021-03-18T00:00:00Z,8,1-2,1,2,R,NA,NA,R,1
Food,1,Fern,Male,2021-03-22T00:00:00Z,9,5-6,5,6,L,NA,NA,R,0
Food,1,Fern,Male,2021-03-22T00:00:00Z,9,1-5,1,5,L,NA,NA,L,1
Food,1,Fern,Male,2021-03-22T00:00:00Z,9,1-6,1,6,R,NA,NA,R,1
Food,1,Fern,Male,2021-03-23T00:00:00Z,10,2-5,2,5,L,NA,NA,L,1
Food,1,Fern,Male,2021-03-23T00:00:00Z,10,4-6,4,6,L,NA,NA,L,1
Food,1,Fern,Male,2021-03-23T00:00:00Z,10,3-4,3,4,L,NA,NA,L,1
Food,1,Fern,Male,2021-03-23T00:00:00Z,10,1-3,1,3,L,NA,NA,R,0
Food,1,Fern,Male,2021-03-23T00:00:00Z,10,2-6,2,6,L,NA,NA,R,0
Food,1,Fern,Male,2021-03-24T00:00:00Z,11,2-4,2,4,L,NA,NA,R,0
Food,1,Fern,Male,2021-03-24T00:00:00Z,11,1-2,1,2,R,NA,NA,R,1
Food,1,Fern,Male,2021-03-25T00:00:00Z,12,1-3,1,3,L,NA,NA,L,1
Food,1,Fern,Male,2021-03-25T00:00:00Z,12,2-4,2,4,L,NA,NA,R,0
Food,1,Fern,Male,2021-03-25T00:00:00Z,12,1-5,1,5,L,NA,NA,L,1
Food,1,Fern,Male,2021-03-25T00:00:00Z,12,3-6,3,6,L,NA,NA,R,0
Food,1,Fern,Male,2021-03-25T00:00:00Z,12,2-3,2,3,L,NA,NA,L,1
Food,1,Fern,Male,2021-03-26T00:00:00Z,13,2-6,2,6,R,NA,NA,R,1
Food,1,Fern,Male,2021-03-29T00:00:00Z,14,3-5,3,5,R,NA,NA,R,1
Food,1,Fern,Male,2021-03-29T00:00:00Z,14,1-6,1,6,R,NA,NA,R,1
Food,1,Fern,Male,2021-03-30T00:00:00Z,15,4-5,4,5,L,NA,NA,L,1
Food,1,Fern,Male,2021-03-30T00:00:00Z,15,5-6,5,6,L,NA,NA,R,0
Food,1,Fern,Male,2021-03-30T00:00:00Z,15,4-6,4,6,L,NA,NA,R,0
Food,1,Fern,Male,2021-03-30T00:00:00Z,15,2-5,2,5,L,NA,NA,L,1
Food,1,Fern,Male,2021-03-30T00:00:00Z,15,1-4,1,4,R,NA,NA,R,1
Food,1,Fern,Male,2021-03-31T00:00:00Z,16,3-4,3,4,L,NA,NA,L,1
Food,1,Fern,Male,2021-03-31T00:00:00Z,16,4-6,4,6,R,NA,NA,R,1
Food,1,Fern,Male,2021-04-01T00:00:00Z,17,2-4,2,4,L,NA,NA,R,0
Food,1,Fern,Male,2021-04-01T00:00:00Z,17,3-6,3,6,R,NA,NA,R,1
Food,1,Fern,Male,2021-04-01T00:00:00Z,17,2-6,2,6,R,NA,NA,R,1
Food,1,Fern,Male,2021-04-05T00:00:00Z,18,2-3,2,3,L,NA,NA,L,1
Food,1,Fern,Male,2021-04-05T00:00:00Z,18,1-5,1,5,L,NA,NA,L,1
Food,1,Fern,Male,2021-04-05T00:00:00Z,18,1-4,1,4,R,NA,NA,R,1
Food,1,Fern,Male,2021-04-06T00:00:00Z,19,1-6,1,6,R,NA,NA,R,1
Food,1,Fern,Male,2021-04-06T00:00:00Z,19,5-6,5,6,R,NA,NA,R,1
Food,1,Fern,Male,2021-04-06T00:00:00Z,19,2-5,2,5,L,NA,NA,R,0
Food,1,Fern,Male,2021-04-06T00:00:00Z,19,4-5,4,5,L,NA,NA,R,0
Food,1,Fern,Male,2021-04-06T00:00:00Z,19,3-5,3,5,L,NA,NA,R,0
Food,1,Fern,Male,2021-04-07T00:00:00Z,20,3-4,3,4,R,NA,NA,L,0
Food,1,Fern,Male,2021-04-07T00:00:00Z,20,1-3,1,3,R,NA,NA,R,1
Food,1,Fern,Male,2021-04-09T00:00:00Z,21,1-2,1,2,R,NA,NA,L,0
Food,1,Fern,Male,2021-04-09T00:00:00Z,21,1-2,1,2,R,NA,NA,R,1
Food,1,Fern,Male,2021-04-09T00:00:00Z,21,5-6,5,6,R,NA,NA,L,0
Food,1,Fern,Male,2021-04-09T00:00:00Z,21,2-4,2,4,R,NA,NA,R,1
Food,1,Fern,Male,2021-04-12T00:00:00Z,22,1-4,1,4,R,NA,NA,R,1
Food,1,Fern,Male,2021-04-12T00:00:00Z,22,2-6,2,6,R,NA,NA,R,1
Food,1,Fern,Male,2021-04-12T00:00:00Z,22,4-5,4,5,R,NA,NA,R,1
Food,1,Fern,Male,2021-04-12T00:00:00Z,22,4-6,4,6,R,NA,NA,R,1
Food,1,Fern,Male,2021-04-12T00:00:00Z,22,2-5,2,5,L,NA,NA,R,0
Food,1,Fern,Male,2021-04-13T00:00:00Z,23,1-6,1,6,R,NA,NA,R,1
Food,1,Fern,Male,2021-04-14T00:00:00Z,24,3-4,3,4,L,NA,NA,R,0
Food,1,Fern,Male,2021-04-14T00:00:00Z,24,3-5,3,5,L,NA,NA,R,0
Food,1,Fern,Male,2021-04-14T00:00:00Z,24,2-3,2,3,R,NA,NA,R,1
Food,1,Fern,Male,2021-04-14T00:00:00Z,24,1-5,1,5,R,NA,NA,R,1
Food,1,Fern,Male,2021-04-14T00:00:00Z,24,3-6,3,6,L,NA,NA,R,0
Food,1,Fern,Male,2021-04-15T00:00:00Z,25,1-3,1,3,R,NA,NA,R,1
Food,1,Fern,Male,2021-04-15T00:00:00Z,25,1-6,1,6,R,NA,NA,R,1
Food,1,Fern,Male,2021-04-15T00:00:00Z,25,3-6,3,6,L,NA,NA,R,0
Food,1,Fern,Male,2021-04-15T00:00:00Z,25,1-5,1,5,L,NA,NA,R,0
Food,1,Fern,Male,2021-04-15T00:00:00Z,25,1-3,1,3,L,NA,NA,R,0
Food,1,Fern,Male,2021-04-16T00:00:00Z,26,2-6,2,6,R,NA,NA,R,1
Food,1,Fern,Male,2021-04-20T00:00:00Z,27,3-5,3,5,L,NA,NA,R,0
Food,1,Fern,Male,2021-04-20T00:00:00Z,27,2-3,2,3,R,NA,NA,R,1
Food,1,Fern,Male,2021-04-21T00:00:00Z,28,1-4,1,4,L,NA,NA,R,0
Food,1,Fern,Male,2021-04-21T00:00:00Z,28,2-4,2,4,L,NA,NA,R,0
Food,1,Fern,Male,2021-04-21T00:00:00Z,28,3-4,3,4,R,NA,NA,R,1
Food,1,Fern,Male,2021-04-21T00:00:00Z,28,5-6,5,6,R,NA,NA,R,1
Food,1,Fern,Male,2021-04-21T00:00:00Z,28,4-6,4,6,R,NA,NA,R,1
Food,1,Fern,Male,2021-04-30T00:00:00Z,35,2-5,2,5,L,NA,NA,L,1
Food,1,Fern,Male,2021-05-04T00:00:00Z,36,1-2,1,2,L,NA,NA,R,0
Food,1,Fern,Male,2021-05-04T00:00:00Z,36,4-5,4,5,R,NA,NA,R,1
Food,1,Fern,Male,2021-05-06T00:00:00Z,38,4-5,4,5,R,NA,NA,R,1
Food,1,Fern,Male,2021-05-07T00:00:00Z,39,2-6,2,6,R,NA,NA,R,1
Food,1,Fern,Male,2021-05-11T00:00:00Z,40,1-2,1,2,L,NA,NA,R,0
Food,1,Fern,Male,2021-05-11T00:00:00Z,40,2-5,2,5,L,NA,NA,R,0
Food,1,Fern,Male,2021-05-11T00:00:00Z,40,1-3,1,3,L,NA,NA,R,0
Food,1,Fern,Male,2021-05-11T00:00:00Z,40,1-4,1,4,L,NA,NA,R,0
Food,1,Fern,Male,2021-05-11T00:00:00Z,40,3-5,3,5,R,NA,NA,R,1
Food,1,Fern,Male,2021-05-12T00:00:00Z,41,2-4,2,4,R,NA,NA,L,0
Food,1,Fern,Male,2021-05-12T00:00:00Z,41,3-4,3,4,R,NA,NA,R,1
Food,1,Fern,Male,2021-05-12T00:00:00Z,41,2-3,2,3,L,NA,NA,R,0
Food,1,Fern,Male,2021-05-12T00:00:00Z,41,1-5,1,5,R,NA,NA,R,1
Food,1,Fern,Male,2021-05-12T00:00:00Z,41,5-6,5,6,R,NA,NA,R,1
Food,1,Fern,Male,2021-05-13T00:00:00Z,42,3-6,3,6,R,NA,NA,R,1
Food,1,Fern,Male,2021-05-13T00:00:00Z,42,4-6,4,6,L,NA,NA,R,0
Food,1,Fern,Male,2021-05-13T00:00:00Z,42,1-6,1,6,R,NA,NA,R,1
Food,1,Fern,Male,2021-05-13T00:00:00Z,42,3-5,3,5,L,NA,NA,R,0
Food,1,Fern,Male,2021-05-13T00:00:00Z,42,1-5,1,5,L,NA,NA,R,0
Food,1,Fern,Male,2021-05-14T00:00:00Z,43,4-6,4,6,R,NA,NA,R,1
Food,1,Fern,Male,2021-05-14T00:00:00Z,43,2-3,2,3,L,NA,NA,R,0
Food,1,Fern,Male,2021-05-14T00:00:00Z,43,1-2,1,2,L,NA,NA,R,0
Food,1,Fern,Male,2021-05-14T00:00:00Z,43,3-6,3,6,R,NA,NA,R,1
Food,1,Fern,Male,2021-05-14T00:00:00Z,43,2-6,2,6,L,NA,NA,R,0
Food,1,Fern,Male,2021-05-17T00:00:00Z,44,3-4,3,4,R,NA,NA,R,1
Food,1,Fern,Male,2021-05-17T00:00:00Z,44,4-5,4,5,R,NA,NA,R,1
Food,1,Fern,Male,2021-05-17T00:00:00Z,44,2-4,2,4,L,NA,NA,R,0
Food,1,Fern,Male,2021-05-17T00:00:00Z,44,5-6,5,6,L,NA,NA,R,0
Food,1,Fern,Male,2021-05-17T00:00:00Z,44,1-6,1,6,R,NA,NA,R,1
Food,1,Fern,Male,2021-05-18T00:00:00Z,45,2-5,2,5,R,NA,NA,R,1
Food,1,Fern,Male,2021-05-18T00:00:00Z,45,1-4,1,4,L,NA,NA,R,0
Food,1,Fern,Male,2021-05-18T00:00:00Z,45,1-3,1,3,R,NA,NA,R,1
Food,1,Fern,Male,2021-05-18T00:00:00Z,45,1-5,1,5,L,NA,NA,R,0
Food,1,Fern,Male,2021-05-18T00:00:00Z,45,3-4,3,4,R,NA,NA,R,1
Food,1,Fern,Male,2021-05-19T00:00:00Z,46,5-6,5,6,L,NA,NA,L,1
Food,1,Fern,Male,2021-05-19T00:00:00Z,46,2-5,2,5,L,NA,NA,R,0
Food,1,Fern,Male,2021-05-19T00:00:00Z,46,1-2,1,2,L,NA,NA,R,0
Food,1,Fern,Male,2021-05-21T00:00:00Z,47,3-5,3,5,R,NA,NA,R,1
Food,1,Fern,Male,2021-05-21T00:00:00Z,47,4-5,4,5,R,NA,NA,L,0
Food,1,Fern,Male,2021-05-21T00:00:00Z,47,1-3,1,3,L,NA,NA,R,0
Food,1,Fern,Male,2021-05-21T00:00:00Z,47,1-6,1,6,R,NA,NA,R,1
Food,1,Fern,Male,2021-05-21T00:00:00Z,47,4-6,4,6,R,NA,NA,R,1
Food,1,Fern,Male,2021-05-22T00:00:00Z,48,2-3,2,3,R,NA,NA,L,0
Food,1,Fern,Male,2021-05-22T00:00:00Z,48,2-4,2,4,L,NA,NA,R,0
Food,1,Fern,Male,2021-05-22T00:00:00Z,48,1-4,1,4,L,NA,NA,L,1
Food,1,Fern,Male,2021-05-22T00:00:00Z,48,2-6,2,6,R,NA,NA,L,0
Food,1,Fern,Male,2021-05-22T00:00:00Z,48,3-6,3,6,R,NA,NA,R,1
Food,1,Fern,Male,2021-05-24T00:00:00Z,49,2-4,2,4,R,NA,NA,L,0
Food,1,Fern,Male,2021-05-24T00:00:00Z,49,1-5,1,5,R,NA,NA,L,0
Food,1,Fern,Male,2021-05-24T00:00:00Z,49,1-3,1,3,R,NA,NA,R,1
Food,1,Fern,Male,2021-05-24T00:00:00Z,49,4-5,4,5,R,NA,NA,R,1
Food,1,Fern,Male,2021-05-24T00:00:00Z,49,1-4,1,4,L,NA,NA,L,1
Food,1,Fern,Male,2021-05-25T00:00:00Z,50,3-6,3,6,R,NA,NA,L,0
Food,1,Fern,Male,2021-05-25T00:00:00Z,50,3-5,3,5,R,NA,NA,L,0
Food,1,Fern,Male,2021-05-25T00:00:00Z,50,2-3,2,3,L,NA,NA,L,1
Food,1,Fern,Male,2021-05-25T00:00:00Z,50,3-4,3,4,R,NA,NA,L,0
Food,1,Fern,Male,2021-05-25T00:00:00Z,50,2-5,2,5,L,NA,NA,R,0
Food,1,Fern,Male,2021-05-26T00:00:00Z,51,4-6,4,6,L,NA,NA,L,1
Food,1,Fern,Male,2021-05-26T00:00:00Z,51,1-6,1,6,L,NA,NA,L,1
Food,1,Fern,Male,2021-05-26T00:00:00Z,51,2-6,2,6,R,NA,NA,R,1
Food,1,Fern,Male,2021-05-26T00:00:00Z,51,5-6,5,6,R,NA,NA,L,0
Food,1,Fern,Male,2021-05-26T00:00:00Z,51,1-2,1,2,R,NA,NA,R,1
Food,1,Mork,Male,2021-03-11T00:00:00Z,1,2-3,2,3,L,NA,NA,L,1
Food,1,Mork,Male,2021-03-11T00:00:00Z,1,4-5,4,5,L,NA,NA,R,0
Food,1,Mork,Male,2021-03-11T00:00:00Z,1,3-5,3,5,R,NA,NA,L,0
Food,1,Mork,Male,2021-03-11T00:00:00Z,1,2-6,2,6,L,NA,NA,L,1
Food,1,Mork,Male,2021-03-12T00:00:00Z,2,1-2,1,2,L,NA,NA,R,0
Food,1,Mork,Male,2021-03-12T00:00:00Z,2,2-5,2,5,L,NA,NA,R,0
Food,1,Mork,Male,2021-03-12T00:00:00Z,2,4-6,4,6,L,NA,NA,R,0
Food,1,Mork,Male,2021-03-12T00:00:00Z,2,3-4,3,4,L,NA,NA,R,0
Food,1,Mork,Male,2021-03-12T00:00:00Z,2,1-5,1,5,R,NA,NA,R,1
Food,1,Mork,Male,2021-03-14T00:00:00Z,3,1-6,1,6,R,NA,NA,R,1
Food,1,Mork,Male,2021-03-14T00:00:00Z,3,1-3,1,3,L,NA,NA,R,0
Food,1,Mork,Male,2021-03-14T00:00:00Z,3,2-4,2,4,L,NA,NA,R,0
Food,1,Mork,Male,2021-03-14T00:00:00Z,3,5-6,5,6,R,NA,NA,R,1
Food,1,Mork,Male,2021-03-14T00:00:00Z,3,3-6,3,6,R,NA,NA,R,1
Food,1,Mork,Male,2021-03-15T00:00:00Z,4,1-4,1,4,R,NA,NA,R,1
Food,1,Mork,Male,2021-03-15T00:00:00Z,4,3-6,3,6,R,NA,NA,R,1
Food,1,Mork,Male,2021-03-15T00:00:00Z,4,1-5,1,5,R,NA,NA,R,1
Food,1,Mork,Male,2021-03-15T00:00:00Z,4,1-3,1,3,L,NA,NA,R,0
Food,1,Mork,Male,2021-03-16T00:00:00Z,5,2-3,2,3,L,NA,NA,R,0
Food,1,Mork,Male,2021-03-16T00:00:00Z,5,2-6,2,6,L,NA,NA,R,0
Food,1,Mork,Male,2021-03-16T00:00:00Z,5,5-6,5,6,L,NA,NA,R,0
Food,1,Mork,Male,2021-03-16T00:00:00Z,5,1-4,1,4,R,NA,NA,R,1
Food,1,Mork,Male,2021-03-16T00:00:00Z,5,3-5,3,5,R,NA,NA,R,1
Food,1,Mork,Male,2021-05-19T00:00:00Z,46,4-6,4,6,L,NA,NA,R,0
Food,1,Mork,Male,2021-05-19T00:00:00Z,46,2-5,2,5,L,NA,NA,R,0
Food,1,Mork,Male,2021-05-19T00:00:00Z,46,1-6,1,6,R,NA,NA,R,1
Food,1,Mork,Male,2021-05-19T00:00:00Z,46,2-4,2,4,R,NA,NA,R,1
Food,1,Mork,Male,2021-05-19T00:00:00Z,46,3-4,3,4,R,NA,NA,R,1
Food,1,Mork,Male,2021-03-18T00:00:00Z,7,1-2,1,2,L,NA,NA,R,0
Food,1,Mork,Male,2021-03-18T00:00:00Z,7,4-5,4,5,R,NA,NA,R,1
Food,1,Mork,Male,2021-03-18T00:00:00Z,7,4-5,4,5,R,NA,NA,R,1
Food,1,Mork,Male,2021-03-18T00:00:00Z,7,1-2,1,2,L,NA,NA,L,1
Food,1,Mork,Male,2021-03-18T00:00:00Z,7,4-6,4,6,R,NA,NA,R,1
Food,1,Mork,Male,2021-05-19T00:00:00Z,46,1-4,1,4,R,NA,NA,R,1
Food,1,Mork,Male,2021-03-22T00:00:00Z,9,3-6,3,6,R,NA,NA,R,1
Food,1,Mork,Male,2021-03-22T00:00:00Z,9,1-3,1,3,R,NA,NA,R,1
Food,1,Mork,Male,2021-03-22T00:00:00Z,9,2-5,2,5,L,NA,NA,R,0
Food,1,Mork,Male,2021-03-22T00:00:00Z,9,5-6,5,6,L,NA,NA,R,0
Food,1,Mork,Male,2021-03-23T00:00:00Z,10,2-6,2,6,R,NA,NA,R,1
Food,1,Mork,Male,2021-03-23T00:00:00Z,10,1-6,1,6,R,NA,NA,R,1
Food,1,Mork,Male,2021-03-23T00:00:00Z,10,1-5,1,5,R,NA,NA,R,1
Food,1,Mork,Male,2021-03-23T00:00:00Z,10,3-5,3,5,R,NA,NA,R,1
Food,1,Mork,Male,2021-03-24T00:00:00Z,11,3-4,3,4,R,NA,NA,R,1
Food,1,Mork,Male,2021-03-25T00:00:00Z,12,2-3,2,3,L,NA,NA,R,0
Food,1,Mork,Male,2021-03-25T00:00:00Z,12,2-4,2,4,R,NA,NA,L,0
Food,1,Mork,Male,2021-03-25T00:00:00Z,12,4-5,4,5,L,NA,NA,R,0
Food,1,Mork,Male,2021-03-25T00:00:00Z,12,5-6,5,6,L,NA,NA,R,0
Food,1,Mork,Male,2021-03-26T00:00:00Z,13,4-6,4,6,L,NA,NA,R,0
Food,1,Mork,Male,2021-03-29T00:00:00Z,14,3-4,3,4,L,NA,NA,R,0
Food,1,Mork,Male,2021-03-29T00:00:00Z,14,1-5,1,5,L,NA,NA,L,1
Food,1,Mork,Male,2021-03-29T00:00:00Z,14,2-6,2,6,R,NA,NA,R,1
Food,1,Mork,Male,2021-03-29T00:00:00Z,14,1-6,1,6,L,NA,NA,R,0
Food,1,Mork,Male,2021-03-29T00:00:00Z,14,2-5,2,5,L,NA,NA,R,0
Food,1,Mork,Male,2021-03-30T00:00:00Z,15,3-5,3,5,L,NA,NA,R,0
Food,1,Mork,Male,2021-03-30T00:00:00Z,15,1-4,1,4,L,NA,NA,R,0
Food,1,Mork,Male,2021-03-30T00:00:00Z,15,1-2,1,2,L,NA,NA,R,0
Food,1,Mork,Male,2021-03-30T00:00:00Z,15,2-3,2,3,L,NA,NA,R,0
Food,1,Mork,Male,2021-03-30T00:00:00Z,15,2-4,2,4,L,NA,NA,R,0
Food,1,Mork,Male,2021-03-31T00:00:00Z,16,1-3,1,3,L,NA,NA,R,0
Food,1,Mork,Male,2021-04-01T00:00:00Z,17,3-6,3,6,R,NA,NA,R,1
Food,1,Mork,Male,2021-04-01T00:00:00Z,17,3-5,3,5,R,NA,NA,R,1
Food,1,Mork,Male,2021-04-01T00:00:00Z,17,1-3,1,3,L,NA,NA,L,1
Food,1,Mork,Male,2021-04-05T00:00:00Z,18,5-6,5,6,R,NA,NA,R,1
Food,1,Mork,Male,2021-04-05T00:00:00Z,18,3-4,3,4,L,NA,NA,L,1
Food,1,Mork,Male,2021-04-06T00:00:00Z,19,1-5,1,5,R,NA,NA,R,1
Food,1,Mork,Male,2021-04-06T00:00:00Z,19,2-3,2,3,R,NA,NA,R,1
Food,1,Mork,Male,2021-04-06T00:00:00Z,19,2-4,2,4,L,NA,NA,L,1
Food,1,Mork,Male,2021-04-07T00:00:00Z,20,2-6,2,6,L,NA,NA,R,0
Food,1,Mork,Male,2021-04-07T00:00:00Z,20,1-4,1,4,L,NA,NA,L,1
Food,1,Mork,Male,2021-04-09T00:00:00Z,21,1-6,1,6,L,NA,NA,R,0
Food,1,Mork,Male,2021-04-09T00:00:00Z,21,1-2,1,2,R,NA,NA,R,1
Food,1,Mork,Male,2021-04-09T00:00:00Z,21,3-6,3,6,R,NA,NA,R,1
Food,1,Mork,Male,2021-04-12T00:00:00Z,22,2-5,2,5,R,NA,NA,R,1
Food,1,Mork,Male,2021-04-12T00:00:00Z,22,4-6,4,6,R,NA,NA,R,1
Food,1,Mork,Male,2021-04-12T00:00:00Z,22,4-5,4,5,R,NA,NA,R,1
Food,1,Mork,Male,2021-04-12T00:00:00Z,22,2-5,2,5,L,NA,NA,R,0
Food,1,Mork,Male,2021-04-12T00:00:00Z,22,2-4,2,4,R,NA,NA,R,1
Food,1,Mork,Male,2021-04-13T00:00:00Z,23,3-5,3,5,R,NA,NA,R,1
Food,1,Mork,Male,2021-04-13T00:00:00Z,23,2-6,2,6,R,NA,NA,R,1
Food,1,Mork,Male,2021-04-13T00:00:00Z,23,4-6,4,6,L,NA,NA,R,0
Food,1,Mork,Male,2021-04-13T00:00:00Z,23,3-4,3,4,L,NA,NA,R,0
Food,1,Mork,Male,2021-04-13T00:00:00Z,23,3-6,3,6,R,NA,NA,R,1
Food,1,Mork,Male,2021-04-14T00:00:00Z,24,1-2,1,2,R,NA,NA,R,1
Food,1,Mork,Male,2021-04-14T00:00:00Z,24,1-5,1,5,R,NA,NA,R,1
Food,1,Mork,Male,2021-04-14T00:00:00Z,24,2-3,2,3,L,NA,NA,R,0
Food,1,Mork,Male,2021-04-14T00:00:00Z,24,5-6,5,6,R,NA,NA,R,1
Food,1,Mork,Male,2021-04-14T00:00:00Z,24,1-6,1,6,L,NA,NA,R,0
Food,1,Mork,Male,2021-04-15T00:00:00Z,25,1-3,1,3,L,NA,NA,R,0
Food,1,Mork,Male,2021-04-15T00:00:00Z,25,4-5,4,5,L,NA,NA,R,0
Food,1,Mork,Male,2021-04-15T00:00:00Z,25,1-4,1,4,L,NA,NA,R,0
Food,1,Mork,Male,2021-04-15T00:00:00Z,25,1-2,1,2,L,NA,NA,R,0
Food,1,Mork,Male,2021-04-15T00:00:00Z,25,1-3,1,3,L,NA,NA,R,0
Food,1,Mork,Male,2021-04-16T00:00:00Z,26,3-5,3,5,L,NA,NA,R,0
Food,1,Mork,Male,2021-04-16T00:00:00Z,26,2-6,2,6,L,NA,NA,R,0
Food,1,Mork,Male,2021-04-16T00:00:00Z,26,5-6,5,6,L,NA,NA,R,0
Food,1,Mork,Male,2021-04-16T00:00:00Z,26,1-4,1,4,L,NA,NA,R,0
Food,1,Mork,Male,2021-04-16T00:00:00Z,26,1-5,1,5,R,NA,NA,R,1
Food,1,Mork,Male,2021-04-20T00:00:00Z,27,3-6,3,6,L,NA,NA,R,0
Food,1,Mork,Male,2021-04-21T00:00:00Z,28,2-3,2,3,L,NA,NA,R,0
Food,1,Mork,Male,2021-04-21T00:00:00Z,28,2-5,2,5,R,NA,NA,R,1
Food,1,Mork,Male,2021-04-21T00:00:00Z,28,3-4,3,4,L,NA,NA,R,0
Food,1,Mork,Male,2021-04-29T00:00:00Z,34,2-4,2,4,R,NA,NA,R,1
Food,1,Mork,Male,2021-04-29T00:00:00Z,34,1-6,1,6,L,NA,NA,L,1
Food,1,Mork,Male,2021-04-29T00:00:00Z,34,4-5,4,5,R,NA,NA,L,0
Food,1,Mork,Male,2021-04-30T00:00:00Z,35,4-6,4,6,L,NA,NA,R,0
Food,1,Mork,Male,2021-04-30T00:00:00Z,35,3-6,3,6,R,NA,NA,R,1
Food,1,Mork,Male,2021-04-30T00:00:00Z,35,2-3,2,3,L,NA,NA,R,0
Food,1,Mork,Male,2021-04-30T00:00:00Z,35,3-5,3,5,L,NA,NA,R,0
Food,1,Mork,Male,2021-04-30T00:00:00Z,35,4-6,4,6,L,NA,NA,R,0
Food,1,Mork,Male,2021-05-04T00:00:00Z,36,1-5,1,5,L,NA,NA,R,0
Food,1,Mork,Male,2021-05-04T00:00:00Z,36,2-6,2,6,R,NA,NA,L,0
Food,1,Mork,Male,2021-05-04T00:00:00Z,36,5-6,5,6,L,NA,NA,L,1
Food,1,Mork,Male,2021-05-04T00:00:00Z,36,1-4,1,4,L,NA,NA,L,1
Food,1,Mork,Male,2021-05-04T00:00:00Z,36,3-4,3,4,L,NA,NA,R,0
Food,1,Mork,Male,2021-05-05T00:00:00Z,37,4-5,4,5,R,NA,NA,R,1
Food,1,Mork,Male,2021-05-05T00:00:00Z,37,1-3,1,3,L,NA,NA,R,0
Food,1,Mork,Male,2021-05-05T00:00:00Z,37,1-2,1,2,L,NA,NA,R,0
Food,1,Mork,Male,2021-05-05T00:00:00Z,37,2-5,2,5,R,NA,NA,L,0
Food,1,Mork,Male,2021-05-06T00:00:00Z,38,2-4,2,4,R,NA,NA,R,1
Food,1,Mork,Male,2021-05-06T00:00:00Z,38,1-6,1,6,L,NA,NA,L,1
Food,1,Mork,Male,2021-05-06T00:00:00Z,38,1-6,1,6,L,NA,NA,R,0
Food,1,Mork,Male,2021-05-06T00:00:00Z,38,2-6,2,6,R,NA,NA,R,1
Food,1,Mork,Male,2021-05-06T00:00:00Z,38,1-3,1,3,L,NA,NA,R,0
Food,1,Mork,Male,2021-05-07T00:00:00Z,39,3-6,3,6,L,NA,NA,L,1
Food,1,Mork,Male,2021-05-07T00:00:00Z,39,1-2,1,2,R,NA,NA,R,1
Food,1,Mork,Male,2021-05-11T00:00:00Z,40,4-5,4,5,L,NA,NA,R,0
Food,1,Mork,Male,2021-05-11T00:00:00Z,40,3-5,3,5,L,NA,NA,R,0
Food,1,Mork,Male,2021-05-11T00:00:00Z,40,1-5,1,5,L,NA,NA,R,0
Food,1,Mork,Male,2021-05-11T00:00:00Z,40,2-3,2,3,L,NA,NA,R,0
Food,1,Mork,Male,2021-05-11T00:00:00Z,40,4-6,4,6,R,NA,NA,R,1
Food,1,Mork,Male,2021-05-12T00:00:00Z,41,3-4,3,4,L,NA,NA,R,0
Food,1,Mork,Male,2021-05-12T00:00:00Z,41,1-4,1,4,R,NA,NA,R,1
Food,1,Mork,Male,2021-05-12T00:00:00Z,41,2-5,2,5,L,NA,NA,R,0
Food,1,Mork,Male,2021-05-12T00:00:00Z,41,2-4,2,4,L,NA,NA,R,0
Food,1,Mork,Male,2021-05-12T00:00:00Z,41,5-6,5,6,L,NA,NA,R,0
Food,1,Mork,Male,2021-05-13T00:00:00Z,42,3-5,3,5,L,NA,NA,R,0
Food,1,Mork,Male,2021-05-13T00:00:00Z,42,2-6,2,6,R,NA,NA,R,1
Food,1,Mork,Male,2021-05-13T00:00:00Z,42,1-5,1,5,R,NA,NA,R,1
Food,1,Mork,Male,2021-05-13T00:00:00Z,42,4-5,4,5,L,NA,NA,R,0
Food,1,Mork,Male,2021-05-13T00:00:00Z,42,3-4,3,4,R,NA,NA,R,1
Food,1,Mork,Male,2021-05-17T00:00:00Z,44,1-6,1,6,R,NA,NA,R,1
Food,1,Mork,Male,2021-05-17T00:00:00Z,44,1-2,1,2,R,NA,NA,R,1
Food,1,Mork,Male,2021-05-17T00:00:00Z,44,2-3,2,3,R,NA,NA,R,1
Food,1,Mork,Male,2021-05-17T00:00:00Z,44,1-4,1,4,R,NA,NA,R,1
Food,1,Mork,Male,2021-05-17T00:00:00Z,44,5-6,5,6,R,NA,NA,R,1
Food,1,Mork,Male,2021-05-18T00:00:00Z,45,2-5,2,5,R,NA,NA,R,1
Food,1,Mork,Male,2021-05-18T00:00:00Z,45,4-6,4,6,R,NA,NA,R,1
Food,1,Mork,Male,2021-05-18T00:00:00Z,45,2-4,2,4,L,NA,NA,R,0
Food,1,Mork,Male,2021-05-18T00:00:00Z,45,3-6,3,6,R,NA,NA,R,1
Food,1,Mork,Male,2021-05-18T00:00:00Z,45,1-3,1,3,R,NA,NA,R,1
Food,1,Prudence,Male,2021-03-11T00:00:00Z,1,1-4,1,4,R,NA,NA,R,1
Food,1,Prudence,Male,2021-03-11T00:00:00Z,1,4-6,4,6,L,NA,NA,L,1
Food,1,Prudence,Male,2021-03-11T00:00:00Z,1,2-3,2,3,R,NA,NA,R,1
Food,1,Prudence,Male,2021-03-11T00:00:00Z,1,3-4,3,4,L,NA,NA,R,0
Food,1,Prudence,Male,2021-03-11T00:00:00Z,1,2-5,2,5,R,NA,NA,R,1
Food,1,Prudence,Male,2021-03-12T00:00:00Z,2,3-5,3,5,R,NA,NA,L,0
Food,1,Prudence,Male,2021-03-12T00:00:00Z,2,3-6,3,6,R,NA,NA,R,1
Food,1,Prudence,Male,2021-03-12T00:00:00Z,2,1-3,1,3,R,NA,NA,L,0
Food,1,Prudence,Male,2021-03-12T00:00:00Z,2,1-5,1,5,L,NA,NA,L,1
Food,1,Prudence,Male,2021-03-12T00:00:00Z,2,4-5,4,5,R,NA,NA,L,0
Food,1,Prudence,Male,2021-03-14T00:00:00Z,3,5-6,5,6,L,NA,NA,R,0
Food,1,Prudence,Male,2021-03-14T00:00:00Z,3,2-6,2,6,R,NA,NA,R,1
Food,1,Prudence,Male,2021-03-14T00:00:00Z,3,1-6,1,6,L,NA,NA,R,0
Food,1,Prudence,Male,2021-03-14T00:00:00Z,3,2-4,2,4,R,NA,NA,R,1
Food,1,Prudence,Male,2021-03-14T00:00:00Z,3,1-2,1,2,L,NA,NA,R,0
Food,1,Prudence,Male,2021-03-15T00:00:00Z,4,4-5,4,5,R,NA,NA,R,1
Food,1,Prudence,Male,2021-03-15T00:00:00Z,4,3-5,3,5,R,NA,NA,R,1
Food,1,Prudence,Male,2021-03-15T00:00:00Z,4,1-5,1,5,R,NA,NA,R,1
Food,1,Prudence,Male,2021-03-15T00:00:00Z,4,1-3,1,3,R,NA,NA,R,1
Food,1,Prudence,Male,2021-03-15T00:00:00Z,4,5-6,5,6,R,NA,NA,R,1
Food,1,Prudence,Male,2021-03-16T00:00:00Z,5,4-6,4,6,R,NA,NA,R,1
Food,1,Prudence,Male,2021-03-16T00:00:00Z,5,3-6,3,6,R,NA,NA,R,1
Food,1,Prudence,Male,2021-03-16T00:00:00Z,5,3-4,3,4,L,NA,NA,R,0
Food,1,Prudence,Male,2021-05-26T00:00:00Z,51,1-4,1,4,R,NA,NA,R,1
Food,1,Prudence,Male,2021-05-26T00:00:00Z,6,1-6,1,6,L,NA,NA,L,1
Food,1,Prudence,Male,2021-03-18T00:00:00Z,7,2-6,2,6,L,NA,NA,R,0
Food,1,Prudence,Male,2021-03-18T00:00:00Z,8,1-2,1,2,R,NA,NA,R,1
Food,1,Prudence,Male,2021-03-22T00:00:00Z,9,2-5,2,5,R,NA,NA,R,1
Food,1,Prudence,Male,2021-03-22T00:00:00Z,9,2-3,2,3,L,NA,NA,L,1
Food,1,Prudence,Male,2021-03-22T00:00:00Z,9,2-4,2,4,R,NA,NA,R,1
Food,1,Prudence,Male,2021-03-22T00:00:00Z,9,1-6,1,6,R,NA,NA,R,1
Food,1,Prudence,Male,2021-03-23T00:00:00Z,10,4-6,4,6,R,NA,NA,L,0
Food,1,Prudence,Male,2021-03-23T00:00:00Z,10,2-6,2,6,R,NA,NA,R,1
Food,1,Prudence,Male,2021-03-23T00:00:00Z,10,3-5,3,5,R,NA,NA,R,1
Food,1,Prudence,Male,2021-03-23T00:00:00Z,10,2-4,2,4,R,NA,NA,R,1
Food,1,Prudence,Male,2021-03-23T00:00:00Z,10,3-4,3,4,R,NA,NA,R,1
Food,1,Prudence,Male,2021-03-24T00:00:00Z,11,3-6,3,6,R,NA,NA,R,1
Food,1,Prudence,Male,2021-03-24T00:00:00Z,11,2-3,2,3,R,NA,NA,R,1
Food,1,Prudence,Male,2021-03-25T00:00:00Z,12,2-5,2,5,R,NA,NA,R,1
Food,1,Prudence,Male,2021-03-25T00:00:00Z,12,1-3,1,3,L,NA,NA,L,1
Food,1,Prudence,Male,2021-03-25T00:00:00Z,12,1-4,1,4,L,NA,NA,L,1
Food,1,Prudence,Male,2021-03-25T00:00:00Z,12,5-6,5,6,R,NA,NA,R,1
Food,1,Prudence,Male,2021-03-25T00:00:00Z,12,4-5,4,5,L,NA,NA,R,0
Food,1,Prudence,Male,2021-03-26T00:00:00Z,13,1-2,1,2,L,NA,NA,R,0
Food,1,Prudence,Male,2021-03-26T00:00:00Z,13,1-5,1,5,L,NA,NA,L,1
Food,1,Prudence,Male,2021-03-26T00:00:00Z,51,1-2,1,2,R,NA,NA,L,0
Food,1,Prudence,Male,2021-03-30T00:00:00Z,15,2-3,2,3,R,NA,NA,L,0
Food,1,Prudence,Male,2021-03-30T00:00:00Z,15,3-6,3,6,L,NA,NA,R,0
Food,1,Prudence,Male,2021-03-30T00:00:00Z,15,4-5,4,5,L,NA,NA,R,0
Food,1,Prudence,Male,2021-03-30T00:00:00Z,15,5-6,5,6,R,NA,NA,R,1
Food,1,Prudence,Male,2021-03-30T00:00:00Z,15,2-4,2,4,L,NA,NA,R,0
Food,1,Prudence,Male,2021-03-31T00:00:00Z,16,2-5,2,5,R,NA,NA,R,1
Food,1,Prudence,Male,2021-04-01T00:00:00Z,17,3-4,3,4,L,NA,NA,L,1
Food,1,Prudence,Male,2021-04-01T00:00:00Z,17,3-5,3,5,R,NA,NA,R,1
Food,1,Prudence,Male,2021-04-05T00:00:00Z,18,4-6,4,6,L,NA,NA,R,0
Food,1,Prudence,Male,2021-04-06T00:00:00Z,19,2-6,2,6,R,NA,NA,R,1
Food,1,Prudence,Male,2021-04-07T00:00:00Z,20,1-4,1,4,R,NA,NA,R,1
Food,1,Prudence,Male,2021-04-09T00:00:00Z,21,1-3,1,3,L,NA,NA,L,1
Food,1,Prudence,Male,2021-04-12T00:00:00Z,22,1-6,1,6,L,NA,NA,L,1
Food,1,Prudence,Male,2021-04-12T00:00:00Z,22,1-5,1,5,L,NA,NA,L,1
Food,1,Prudence,Male,2021-04-12T00:00:00Z,22,5-6,5,6,R,NA,NA,R,1
Food,1,Prudence,Male,2021-04-12T00:00:00Z,22,3-6,3,6,L,NA,NA,L,1
Food,1,Prudence,Male,2021-04-12T00:00:00Z,22,2-3,2,3,L,NA,NA,R,0
Food,1,Prudence,Male,2021-04-13T00:00:00Z,23,1-2,1,2,R,NA,NA,L,0
Food,1,Prudence,Male,2021-04-13T00:00:00Z,23,1-3,1,3,R,NA,NA,R,1
Food,1,Prudence,Male,2021-04-13T00:00:00Z,23,2-6,2,6,L,NA,NA,L,1
Food,1,Prudence,Male,2021-04-13T00:00:00Z,23,1-5,1,5,R,NA,NA,R,1
Food,1,Prudence,Male,2021-04-13T00:00:00Z,23,4-5,4,5,R,NA,NA,R,1
Food,1,Prudence,Male,2021-04-14T00:00:00Z,24,1-4,1,4,R,NA,NA,R,1
Food,1,Prudence,Male,2021-04-14T00:00:00Z,24,3-5,3,5,L,NA,NA,L,1
Food,1,Prudence,Male,2021-04-14T00:00:00Z,24,4-6,4,6,R,NA,NA,R,1
Food,1,Prudence,Male,2021-04-14T00:00:00Z,24,2-4,2,4,R,NA,NA,R,1
Food,1,Prudence,Male,2021-04-14T00:00:00Z,24,3-4,3,4,L,NA,NA,R,0
Food,1,Prudence,Male,2021-04-15T00:00:00Z,25,1-6,1,6,L,NA,NA,L,1
Food,1,Prudence,Male,2021-04-15T00:00:00Z,25,2-5,2,5,R,NA,NA,R,1
Food,1,Prudence,Male,2021-04-16T00:00:00Z,26,1-6,1,6,R,NA,NA,R,1
Food,1,Prudence,Male,2021-04-16T00:00:00Z,26,1-3,1,3,R,NA,NA,R,1
Food,1,Prudence,Male,2021-04-16T00:00:00Z,26,3-4,3,4,R,NA,NA,L,0
Food,1,Prudence,Male,2021-04-16T00:00:00Z,26,3-5,3,5,R,NA,NA,R,1
Food,1,Prudence,Male,2021-04-16T00:00:00Z,51,1-5,1,5,L,NA,NA,L,1
Food,1,Prudence,Male,2021-04-20T00:00:00Z,27,2-3,2,3,R,NA,NA,R,1
Food,1,Prudence,Male,2021-04-20T00:00:00Z,27,1-2,1,2,R,NA,NA,L,0
Food,1,Prudence,Male,2021-04-20T00:00:00Z,27,2-5,2,5,L,NA,NA,L,1
Food,1,Prudence,Male,2021-04-20T00:00:00Z,27,3-6,3,6,R,NA,NA,R,1
Food,1,Prudence,Male,2021-04-20T00:00:00Z,27,2-6,2,6,R,NA,NA,R,1
Food,1,Prudence,Male,2021-04-21T00:00:00Z,28,1-4,1,4,L,NA,NA,L,1
Food,1,Prudence,Male,2021-04-22T00:00:00Z,29,2-4,2,4,L,NA,NA,L,1
Food,1,Prudence,Male,2021-04-22T00:00:00Z,29,4-5,4,5,L,NA,NA,R,0
Food,1,Prudence,Male,2021-04-23T00:00:00Z,30,4-6,4,6,L,NA,NA,L,1
Food,1,Prudence,Male,2021-04-26T00:00:00Z,31,5-6,5,6,R,NA,NA,L,0
Food,1,Prudence,Male,2021-04-26T00:00:00Z,31,1-6,1,6,R,NA,NA,L,0
Food,1,Prudence,Male,2021-04-26T00:00:00Z,31,3-5,3,5,R,NA,NA,R,1
Food,1,Prudence,Male,2021-04-26T00:00:00Z,31,3-4,3,4,R,NA,NA,L,0
Food,1,Prudence,Male,2021-04-26T00:00:00Z,31,4-6,4,6,R,NA,NA,R,1
Food,1,Prudence,Male,2021-04-27T00:00:00Z,32,4-5,4,5,R,NA,NA,R,1
Food,1,Prudence,Male,2021-04-28T00:00:00Z,33,1-2,1,2,L,NA,NA,L,1
Food,1,Prudence,Male,2021-04-28T00:00:00Z,33,2-4,2,4,L,NA,NA,L,1
Food,1,Prudence,Male,2021-04-29T00:00:00Z,34,1-3,1,3,L,NA,NA,L,1
Food,1,Prudence,Male,2021-04-29T00:00:00Z,34,2-5,2,5,L,NA,NA,L,1
Food,1,Prudence,Male,2021-04-29T00:00:00Z,34,2-6,2,6,L,NA,NA,L,1
Food,1,Prudence,Male,2021-04-29T00:00:00Z,34,3-6,3,6,L,NA,NA,R,0
Food,1,Prudence,Male,2021-04-29T00:00:00Z,34,1-4,1,4,R,NA,NA,R,1
Food,1,Prudence,Male,2021-04-30T00:00:00Z,35,2-3,2,3,L,NA,NA,R,0
Food,1,Prudence,Male,2021-05-04T00:00:00Z,36,1-5,1,5,R,NA,NA,R,1
Food,1,Prudence,Male,2021-05-04T00:00:00Z,36,5-6,5,6,R,NA,NA,L,0
Food,1,Prudence,Male,2021-05-04T00:00:00Z,36,4-6,4,6,R,NA,NA,L,0
Food,1,Prudence,Male,2021-05-04T00:00:00Z,36,2-5,2,5,R,NA,NA,R,1
Food,1,Prudence,Male,2021-05-04T00:00:00Z,36,3-6,3,6,L,NA,NA,L,1
Food,1,Prudence,Male,2021-05-05T00:00:00Z,37,3-4,3,4,L,NA,NA,L,1
Food,1,Prudence,Male,2021-05-05T00:00:00Z,37,1-5,1,5,L,NA,NA,L,1
Food,1,Prudence,Male,2021-05-06T00:00:00Z,38,2-4,2,4,L,NA,NA,L,1
Food,1,Prudence,Male,2021-05-06T00:00:00Z,38,3-5,3,5,R,NA,NA,L,0
Food,1,Prudence,Male,2021-05-06T00:00:00Z,38,1-3,1,3,L,NA,NA,L,1
Food,1,Prudence,Male,2021-05-06T00:00:00Z,38,1-4,1,4,R,NA,NA,R,1
Food,1,Prudence,Male,2021-05-07T00:00:00Z,39,2-3,2,3,R,NA,NA,R,1
Food,1,Prudence,Male,2021-05-11T00:00:00Z,40,4-5,4,5,L,NA,NA,L,1
Food,1,Prudence,Male,2021-05-11T00:00:00Z,40,1-6,1,6,L,NA,NA,L,1
Food,1,Prudence,Male,2021-05-11T00:00:00Z,40,1-2,1,2,L,NA,NA,L,1
Food,1,Prudence,Male,2021-05-11T00:00:00Z,40,5-6,5,6,R,NA,NA,L,0
Food,1,Prudence,Male,2021-05-11T00:00:00Z,40,2-6,2,6,R,NA,NA,L,0
Food,1,Prudence,Male,2021-05-13T00:00:00Z,42,4-6,4,6,L,NA,NA,L,1
Food,1,Prudence,Male,2021-05-13T00:00:00Z,42,1-5,1,5,R,NA,NA,R,1
Food,1,Prudence,Male,2021-05-13T00:00:00Z,42,5-6,5,6,R,NA,NA,R,1
Food,1,Prudence,Male,2021-05-13T00:00:00Z,42,4-5,4,5,L,NA,NA,L,1
Food,1,Prudence,Male,2021-05-13T00:00:00Z,42,1-6,1,6,R,NA,NA,R,1
Food,1,Prudence,Male,2021-05-14T00:00:00Z,43,2-4,2,4,R,NA,NA,L,0
Food,1,Prudence,Male,2021-05-14T00:00:00Z,43,3-6,3,6,R,NA,NA,R,1
Food,1,Prudence,Male,2021-05-14T00:00:00Z,43,1-2,1,2,L,NA,NA,R,0
Food,1,Prudence,Male,2021-05-14T00:00:00Z,43,3-4,3,4,L,NA,NA,L,1
Food,1,Prudence,Male,2021-05-14T00:00:00Z,43,3-5,3,5,L,NA,NA,L,1
Food,1,Prudence,Male,2021-05-17T00:00:00Z,44,2-3,2,3,L,NA,NA,L,1
Food,1,Prudence,Male,2021-05-17T00:00:00Z,44,1-3,1,3,L,NA,NA,R,0
Food,1,Prudence,Male,2021-05-17T00:00:00Z,44,1-4,1,4,L,NA,NA,L,1
Food,1,Prudence,Male,2021-05-17T00:00:00Z,44,2-5,2,5,R,NA,NA,R,1
Food,1,Prudence,Male,2021-05-17T00:00:00Z,44,2-6,2,6,L,NA,NA,L,1
Food,1,Prudence,Male,2021-05-18T00:00:00Z,45,4-6,4,6,L,NA,NA,R,0
Food,1,Prudence,Male,2021-05-18T00:00:00Z,45,1-5,1,5,L,NA,NA,L,1
Food,1,Prudence,Male,2021-05-18T00:00:00Z,45,1-3,1,3,L,NA,NA,L,1
Food,1,Prudence,Male,2021-05-18T00:00:00Z,45,3-4,3,4,L,NA,NA,R,0
Food,1,Prudence,Male,2021-05-18T00:00:00Z,45,1-6,1,6,L,NA,NA,L,1
Food,1,Prudence,Male,2021-05-19T00:00:00Z,46,1-4,1,4,R,NA,NA,R,1
Food,1,Prudence,Male,2021-05-19T00:00:00Z,46,2-5,2,5,R,NA,NA,R,1
Food,1,Prudence,Male,2021-05-19T00:00:00Z,46,3-5,3,5,R,NA,NA,R,1
Food,1,Prudence,Male,2021-05-19T00:00:00Z,46,3-6,3,6,R,NA,NA,L,0
Food,1,Prudence,Male,2021-05-19T00:00:00Z,46,2-3,2,3,R,NA,NA,L,0
Food,1,Prudence,Male,2021-05-21T00:00:00Z,47,5-6,5,6,L,NA,NA,L,1
Food,1,Prudence,Male,2021-05-21T00:00:00Z,47,2-6,2,6,L,NA,NA,L,1
Food,1,Prudence,Male,2021-05-21T00:00:00Z,47,4-5,4,5,R,NA,NA,L,0
Food,1,Prudence,Male,2021-05-21T00:00:00Z,47,1-2,1,2,R,NA,NA,L,0
Food,1,Prudence,Male,2021-05-21T00:00:00Z,47,2-4,2,4,L,NA,NA,L,1
Food,1,Dumbledore,Male,2021-03-12T00:00:00Z,2,1-3,1,3,L,NA,NA,L,1
Food,1,Dumbledore,Male,2021-03-12T00:00:00Z,2,1-4,1,4,L,NA,NA,L,1
Food,1,Dumbledore,Male,2021-03-15T00:00:00Z,4,4-5,4,5,L,NA,NA,R,0
Food,1,Dumbledore,Male,2021-03-15T00:00:00Z,4,2-5,2,5,R,NA,NA,L,0
Food,1,Dumbledore,Male,2021-03-16T00:00:00Z,5,3-6,3,6,L,NA,NA,L,1
Food,1,Dumbledore,Male,2021-03-16T00:00:00Z,6,2-3,2,3,L,NA,NA,L,1
Food,1,Dumbledore,Male,2021-03-16T00:00:00Z,6,5-6,5,6,L,NA,NA,L,1
Food,1,Dumbledore,Male,2021-03-16T00:00:00Z,8,3-4,3,4,L,NA,NA,L,1
Food,1,Dumbledore,Male,2021-03-22T00:00:00Z,9,1-2,1,2,R,NA,NA,R,1
Food,1,Dumbledore,Male,2021-03-22T00:00:00Z,9,4-6,4,6,L,NA,NA,R,0
Food,1,Dumbledore,Male,2021-03-22T00:00:00Z,9,3-5,3,5,L,NA,NA,L,1
Food,1,Dumbledore,Male,2021-03-22T00:00:00Z,9,1-6,1,6,R,NA,NA,L,0
Food,1,Dumbledore,Male,2021-03-23T00:00:00Z,10,2-4,2,4,L,NA,NA,L,1
Food,1,Dumbledore,Male,2021-03-23T00:00:00Z,10,1-5,1,5,L,NA,NA,L,1
Food,1,Dumbledore,Male,2021-03-23T00:00:00Z,10,2-6,2,6,L,NA,NA,L,1
Food,1,Dumbledore,Male,2021-03-24T00:00:00Z,11,2-3,2,3,R,NA,NA,L,0
Food,1,Dumbledore,Male,2021-03-24T00:00:00Z,11,3-5,3,5,L,NA,NA,L,1
Food,1,Dumbledore,Male,2021-03-25T00:00:00Z,12,1-5,1,5,L,NA,NA,L,1
Food,1,Dumbledore,Male,2021-03-25T00:00:00Z,12,3-4,3,4,R,NA,NA,L,0
Food,1,Dumbledore,Male,2021-03-25T00:00:00Z,12,4-6,4,6,L,NA,NA,L,1
Food,1,Dumbledore,Male,2021-03-26T00:00:00Z,13,1-4,1,4,L,NA,NA,L,1
Food,1,Dumbledore,Male,2021-03-29T00:00:00Z,14,2-5,2,5,R,NA,NA,L,0
Food,1,Dumbledore,Male,2021-03-29T00:00:00Z,14,2-4,2,4,R,NA,NA,L,0
Food,1,Dumbledore,Male,2021-03-29T00:00:00Z,14,4-5,4,5,R,NA,NA,L,0
Food,1,Dumbledore,Male,2021-03-30T00:00:00Z,15,1-3,1,3,R,NA,NA,L,0
Food,1,Dumbledore,Male,2021-03-30T00:00:00Z,15,3-6,3,6,L,NA,NA,L,1
Food,1,Dumbledore,Male,2021-03-30T00:00:00Z,15,5-6,5,6,L,NA,NA,L,1
Food,1,Dumbledore,Male,2021-03-30T00:00:00Z,15,1-6,1,6,R,NA,NA,L,0
Food,1,Dumbledore,Male,2021-03-30T00:00:00Z,15,1-2,1,2,L,NA,NA,L,1
Food,1,Dumbledore,Male,2021-03-31T00:00:00Z,16,2-6,2,6,R,NA,NA,L,0
Food,1,Dumbledore,Male,2021-03-31T00:00:00Z,16,2-5,2,5,R,NA,NA,R,1
Food,1,Dumbledore,Male,2021-04-01T00:00:00Z,17,3-5,3,5,R,NA,NA,L,0
Food,1,Dumbledore,Male,2021-04-01T00:00:00Z,17,1-5,1,5,L,NA,NA,L,1
Food,1,Dumbledore,Male,2021-04-01T00:00:00Z,17,3-4,3,4,R,NA,NA,L,0
Food,1,Dumbledore,Male,2021-04-01T00:00:00Z,17,1-6,1,6,R,NA,NA,L,0
Food,1,Dumbledore,Male,2021-04-05T00:00:00Z,18,5-6,5,6,L,NA,NA,L,1
Food,1,Dumbledore,Male,2021-04-05T00:00:00Z,18,2-4,2,4,L,NA,NA,L,1
Food,1,Dumbledore,Male,2021-04-06T00:00:00Z,19,1-3,1,3,L,NA,NA,L,1
Food,1,Dumbledore,Male,2021-04-06T00:00:00Z,19,1-2,1,2,L,NA,NA,L,1
Food,1,Dumbledore,Male,2021-04-06T00:00:00Z,19,4-5,4,5,R,NA,NA,L,0
Food,1,Dumbledore,Male,2021-04-06T00:00:00Z,19,4-6,4,6,L,NA,NA,L,1
Food,1,Dumbledore,Male,2021-04-07T00:00:00Z,20,2-6,2,6,R,NA,NA,R,1
Food,1,Dumbledore,Male,2021-04-09T00:00:00Z,21,1-4,1,4,R,NA,NA,L,0
Food,1,Dumbledore,Male,2021-04-09T00:00:00Z,21,2-3,2,3,L,NA,NA,L,1
Food,1,Dumbledore,Male,2021-04-12T00:00:00Z,22,3-6,3,6,L,NA,NA,L,1
Food,1,Dumbledore,Male,2021-04-13T00:00:00Z,23,3-5,3,5,R,NA,NA,L,0
Food,1,Dumbledore,Male,2021-04-13T00:00:00Z,23,2-5,2,5,L,NA,NA,L,1
Food,1,Dumbledore,Male,2021-04-13T00:00:00Z,23,3-6,3,6,L,NA,NA,L,1
Food,1,Dumbledore,Male,2021-04-14T00:00:00Z,24,4-5,4,5,L,NA,NA,L,1
Food,1,Dumbledore,Male,2021-04-14T00:00:00Z,24,2-4,2,4,R,NA,NA,L,0
Food,1,Dumbledore,Male,2021-04-14T00:00:00Z,24,2-3,2,3,L,NA,NA,L,1
Food,1,Dumbledore,Male,2021-04-15T00:00:00Z,25,1-3,1,3,L,NA,NA,L,1
Food,1,Dumbledore,Male,2021-04-15T00:00:00Z,25,1-5,1,5,L,NA,NA,L,1
Food,1,Dumbledore,Male,2021-04-16T00:00:00Z,26,4-6,4,6,L,NA,NA,L,1
Food,1,Dumbledore,Male,2021-04-20T00:00:00Z,27,1-6,1,6,R,NA,NA,L,0
Food,1,Dumbledore,Male,2021-04-21T00:00:00Z,28,1-4,1,4,R,NA,NA,L,0
Food,1,Dumbledore,Male,2021-04-22T00:00:00Z,29,5-6,5,6,R,NA,NA,L,0
Food,1,Dumbledore,Male,2021-04-22T00:00:00Z,29,2-6,2,6,R,NA,NA,L,0
Food,1,Dumbledore,Male,2021-04-23T00:00:00Z,30,1-2,1,2,L,NA,NA,L,1
Food,1,Dumbledore,Male,2021-04-23T00:00:00Z,30,3-4,3,4,R,NA,NA,L,0
Food,1,Dumbledore,Male,2021-04-23T00:00:00Z,30,1-2,1,2,L,NA,NA,L,1
Food,1,Dumbledore,Male,2021-04-23T00:00:00Z,30,2-6,2,6,L,NA,NA,L,1
Food,1,Dumbledore,Male,2021-04-26T00:00:00Z,31,1-3,1,3,R,NA,NA,L,0
Food,1,Dumbledore,Male,2021-04-26T00:00:00Z,31,2-5,2,5,R,NA,NA,R,1
Food,1,Dumbledore,Male,2021-04-27T00:00:00Z,32,5-6,5,6,R,NA,NA,R,1
Food,1,Dumbledore,Male,2021-04-27T00:00:00Z,32,4-6,4,6,L,NA,NA,L,1
Food,1,Dumbledore,Male,2021-04-28T00:00:00Z,33,1-4,1,4,L,NA,NA,L,1
Food,1,Dumbledore,Male,2021-04-30T00:00:00Z,25,2-3,2,3,R,NA,NA,L,0
Food,1,Dumbledore,Male,2021-04-30T00:00:00Z,25,3-6,3,6,R,NA,NA,R,1
Food,1,Dumbledore,Male,2021-05-04T00:00:00Z,36,3-5,3,5,L,NA,NA,L,1
Food,1,Dumbledore,Male,2021-05-04T00:00:00Z,36,1-6,1,6,L,NA,NA,L,1
Food,1,Dumbledore,Male,2021-05-04T00:00:00Z,36,2-4,2,4,L,NA,NA,L,1
Food,1,Dumbledore,Male,2021-05-04T00:00:00Z,36,4-5,4,5,R,NA,NA,L,0
Food,1,Dumbledore,Male,2021-05-04T00:00:00Z,36,1-5,1,5,R,NA,NA,L,0
Food,1,Dumbledore,Male,2021-05-05T00:00:00Z,37,3-4,3,4,L,NA,NA,L,1
Food,1,Dumbledore,Male,2021-05-05T00:00:00Z,37,4-5,4,5,R,NA,NA,R,1
Food,1,Dumbledore,Male,2021-05-06T00:00:00Z,38,1-5,1,5,R,NA,NA,L,0
Food,1,Dumbledore,Male,2021-05-06T00:00:00Z,38,3-6,3,6,L,NA,NA,L,1
Food,1,Dumbledore,Male,2021-05-06T00:00:00Z,38,2-4,2,4,L,NA,NA,L,1
Food,1,Dumbledore,Male,2021-05-06T00:00:00Z,38,2-5,2,5,R,NA,NA,L,0
Food,1,Dumbledore,Male,2021-05-06T00:00:00Z,38,3-4,3,4,R,NA,NA,L,0
Food,1,Dumbledore,Male,2021-05-07T00:00:00Z,39,1-6,1,6,R,NA,NA,R,1
Food,1,Dumbledore,Male,2021-05-11T00:00:00Z,40,3-5,3,5,R,NA,NA,L,0
Food,1,Dumbledore,Male,2021-05-14T00:00:00Z,43,2-6,2,6,L,NA,NA,R,0
Food,1,Dumbledore,Male,2021-05-17T00:00:00Z,44,5-6,5,6,R,NA,NA,L,0
Food,1,Dumbledore,Male,2021-05-17T00:00:00Z,44,1-3,1,3,L,NA,NA,L,1
Food,1,Dumbledore,Male,2021-05-17T00:00:00Z,44,4-6,4,6,L,NA,NA,L,1
Food,1,Dumbledore,Male,2021-05-17T00:00:00Z,44,1-2,1,2,L,NA,NA,L,1
Food,1,Dumbledore,Male,2021-05-17T00:00:00Z,44,1-4,1,4,R,NA,NA,R,1
Food,1,Dumbledore,Male,2021-05-18T00:00:00Z,45,2-3,2,3,R,NA,NA,L,0
Food,1,Dumbledore,Male,2021-05-18T00:00:00Z,45,2-3,2,3,R,NA,NA,L,0
Food,1,Dumbledore,Male,2021-05-18T00:00:00Z,45,2-6,2,6,L,NA,NA,L,1
Food,1,Dumbledore,Male,2021-05-18T00:00:00Z,45,1-6,1,6,L,NA,NA,L,1
Food,1,Dumbledore,Male,2021-05-18T00:00:00Z,45,4-6,4,6,L,NA,NA,L,1
Food,1,Dumbledore,Male,2021-05-21T00:00:00Z,47,2-5,2,5,L,NA,NA,L,1
Food,1,Dumbledore,Male,2021-05-22T00:00:00Z,48,1-4,1,4,R,NA,NA,L,0
Food,1,Dumbledore,Male,2021-05-22T00:00:00Z,48,1-2,1,2,L,NA,NA,L,1
Food,1,Dumbledore,Male,2021-05-24T00:00:00Z,49,5-6,5,6,L,NA,NA,L,1
Food,1,Dumbledore,Male,2021-05-24T00:00:00Z,49,4-5,4,5,L,NA,NA,L,1
Food,1,Dumbledore,Male,2021-05-24T00:00:00Z,49,1-5,1,5,L,NA,NA,L,1
Food,1,Dumbledore,Male,2021-05-25T00:00:00Z,50,3-4,3,4,R,NA,NA,L,0
Food,1,Dumbledore,Male,2021-05-25T00:00:00Z,50,3-5,3,5,R,NA,NA,R,1
Food,1,Dumbledore,Male,2021-05-25T00:00:00Z,50,2-4,2,4,L,NA,NA,L,1
Food,1,Dumbledore,Male,2021-05-26T00:00:00Z,51,3-6,3,6,R,NA,NA,L,0
Food,1,Dumbledore,Male,2021-05-26T00:00:00Z,51,1-3,1,3,L,NA,NA,L,1
Food,1,Dumbledore,Male,2021-05-26T00:00:00Z,51,1-4,1,4,R,NA,NA,L,0
Food,1,Dumbledore,Male,2021-02-27T00:00:00Z,52,4-6,4,6,L,NA,NA,L,1
Food,1,Dumbledore,Male,2021-02-27T00:00:00Z,52,3-5,3,5,R,NA,NA,L,0
Food,1,Dumbledore,Male,2021-02-28T00:00:00Z,53,1-2,1,2,R,NA,NA,R,1
Food,1,Dumbledore,Male,2021-02-28T00:00:00Z,53,3-6,3,6,R,NA,NA,L,0
Food,1,Dumbledore,Male,2021-05-31T00:00:00Z,54,1-5,1,5,R,NA,NA,L,0
Food,1,Dumbledore,Male,2021-05-31T00:00:00Z,54,1-3,1,3,R,NA,NA,R,1
Food,1,Dumbledore,Male,2021-05-31T00:00:00Z,54,3-4,3,4,L,NA,NA,L,1
Food,1,Dumbledore,Male,2021-06-03T00:00:00Z,57,1-6,1,6,R,NA,NA,R,1
Food,1,Dumbledore,Male,2021-06-03T00:00:00Z,57,4-5,4,5,R,NA,NA,R,1
Food,1,Dumbledore,Male,2021-06-03T00:00:00Z,57,2-6,2,6,R,NA,NA,R,1
Food,1,Dumbledore,Male,2021-06-03T00:00:00Z,57,5-6,5,6,R,NA,NA,R,1
Food,1,Dumbledore,Male,2021-06-04T00:00:00Z,58,2-4,2,4,R,NA,NA,L,0
Food,1,Dumbledore,Male,2021-06-09T00:00:00Z,60,2-3,2,3,L,NA,NA,R,0
Food,1,Dumbledore,Male,2021-06-09T00:00:00Z,60,2-5,2,5,R,NA,NA,R,1
Food,1,Dumbledore,Male,2021-06-10T00:00:00Z,61,4-6,4,6,L,NA,NA,R,0
Food,1,Dumbledore,Male,2021-06-10T00:00:00Z,61,4-5,4,5,L,NA,NA,R,0
Food,1,Dumbledore,Male,2021-06-10T00:00:00Z,61,1-2,1,2,L,NA,NA,R,0
Food,1,Dumbledore,Male,2021-06-10T00:00:00Z,61,5-6,5,6,R,NA,NA,L,0
Food,1,Dumbledore,Male,2021-06-13T00:00:00Z,62,2-4,2,4,L,NA,NA,L,1
Food,1,Dumbledore,Male,2021-06-13T00:00:00Z,62,3-6,3,6,L,NA,NA,L,1
Food,1,Dumbledore,Male,2021-06-16T00:00:00Z,64,3-4,3,4,L,NA,NA,R,0
Food,1,Dumbledore,Male,2021-06-16T00:00:00Z,64,1-3,1,3,R,NA,NA,R,1
Food,1,Dumbledore,Male,2021-06-17T00:00:00Z,65,2-3,2,3,R,NA,NA,R,1
Food,1,Dumbledore,Male,2021-06-17T00:00:00Z,65,3-5,3,5,L,NA,NA,R,0
Food,1,Dumbledore,Male,2021-06-17T00:00:00Z,65,2-6,2,6,R,NA,NA,R,1
Food,1,Dumbledore,Male,2021-06-17T00:00:00Z,65,1-4,1,4,R,NA,NA,R,1
Food,1,Dumbledore,Male,2021-06-18T00:00:00Z,66,2-5,2,5,R,NA,NA,R,1
Food,1,Dumbledore,Male,2021-06-18T00:00:00Z,66,1-6,1,6,R,NA,NA,R,1
Food,1,Dumbledore,Male,2021-06-18T00:00:00Z,66,1-5,1,5,L,NA,NA,R,0
Food,1,Dumbledore,Male,2021-06-19T00:00:00Z,67,3-6,3,6,L,NA,NA,R,0
Food,1,Dumbledore,Male,2021-06-22T00:00:00Z,69,2-4,2,4,R,NA,NA,L,0
Food,1,Dumbledore,Male,2021-06-22T00:00:00Z,69,1-4,1,4,R,NA,NA,R,1
Food,1,Dumbledore,Male,2021-06-22T00:00:00Z,69,5-6,5,6,L,NA,NA,L,1
Food,1,Dumbledore,Male,2021-06-22T00:00:00Z,69,2-3,2,3,L,NA,NA,L,1
Food,1,Dumbledore,Male,2021-06-22T00:00:00Z,69,3-5,3,5,L,NA,NA,L,1
Food,1,Dumbledore,Male,2021-06-24T00:00:00Z,71,1-2,1,2,R,NA,NA,L,0
Food,1,Dumbledore,Male,2021-06-24T00:00:00Z,71,2-6,2,6,R,NA,NA,L,0
Food,1,Dumbledore,Male,2021-06-24T00:00:00Z,71,1-3,1,3,R,NA,NA,L,0
Food,1,Dumbledore,Male,2021-06-24T00:00:00Z,71,4-5,4,5,R,NA,NA,L,0
Food,1,Dumbledore,Male,2021-06-24T00:00:00Z,71,1-6,1,6,R,NA,NA,R,1
Food,1,Dumbledore,Male,2021-06-25T00:00:00Z,72,2-5,2,5,L,NA,NA,L,1
Food,1,Dumbledore,Male,2021-06-25T00:00:00Z,72,4-6,4,6,L,NA,NA,L,1
Food,1,Dumbledore,Male,2021-06-25T00:00:00Z,72,3-4,3,4,L,NA,NA,L,1
Food,1,Dumbledore,Male,2021-06-25T00:00:00Z,72,1-5,1,5,R,NA,NA,L,0
Food,1,Mulder,Male,2021-03-11T00:00:00Z,1,5-6,5,6,R,NA,NA,L,0
Food,1,Mulder,Male,2021-03-12T00:00:00Z,2,4-6,4,6,L,NA,NA,L,1
Food,1,Mulder,Male,2021-03-12T00:00:00Z,2,1-2,1,2,R,NA,NA,L,0
Food,1,Mulder,Male,2021-03-12T00:00:00Z,2,1-4,1,4,R,NA,NA,L,0
Food,1,Mulder,Male,2021-03-14T00:00:00Z,3,2-6,2,6,R,NA,NA,L,0
Food,1,Mulder,Male,2021-03-14T00:00:00Z,3,2-4,2,4,R,NA,NA,L,0
Food,1,Mulder,Male,2021-03-14T00:00:00Z,3,3-4,3,4,L,NA,NA,L,1
Food,1,Mulder,Male,2021-03-14T00:00:00Z,3,4-5,4,5,L,NA,NA,L,1
Food,1,Mulder,Male,2021-03-16T00:00:00Z,5,1-3,1,3,L,NA,NA,L,1
Food,1,Mulder,Male,2021-03-16T00:00:00Z,5,2-5,2,5,R,NA,NA,L,0
Food,1,Mulder,Male,2021-03-16T00:00:00Z,5,1-6,1,6,L,NA,NA,L,1
Food,1,Mulder,Male,2021-03-16T00:00:00Z,6,1-5,1,5,L,NA,NA,NA,NA
Food,1,Mulder,Male,2021-03-16T00:00:00Z,6,3-5,3,5,L,NA,NA,NA,NA
Food,1,Mulder,Male,2021-03-16T00:00:00Z,6,3-6,3,6,R,NA,NA,NA,NA
Food,1,Mulder,Male,2021-03-18T00:00:00Z,7,2-3,2,3,R,NA,NA,L,0
Food,1,Mulder,Male,2021-03-18T00:00:00Z,7,2-4,2,4,R,NA,NA,L,0
Food,1,Mulder,Male,2021-03-18T00:00:00Z,7,2-3,2,3,R,NA,NA,L,0
Food,1,Mulder,Male,2021-03-18T00:00:00Z,7,3-6,3,6,R,NA,NA,L,0
Food,1,Mulder,Male,2021-03-18T00:00:00Z,7,4-5,4,5,R,NA,NA,L,0
Food,1,Mulder,Male,2021-03-19T00:00:00Z,4,1-6,1,6,R,NA,NA,R,1
Food,1,Mulder,Male,2021-03-22T00:00:00Z,9,1-3,1,3,L,NA,NA,R,0
Food,1,Mulder,Male,2021-03-22T00:00:00Z,9,5-6,5,6,R,NA,NA,L,0
Food,1,Mulder,Male,2021-03-22T00:00:00Z,9,1-4,1,4,L,NA,NA,L,1
Food,1,Mulder,Male,2021-03-22T00:00:00Z,9,3-5,3,5,L,NA,NA,R,0
Food,1,Mulder,Male,2021-03-23T00:00:00Z,10,1-2,1,2,L,NA,NA,L,1
Food,1,Mulder,Male,2021-03-23T00:00:00Z,10,4-6,4,6,R,NA,NA,L,0
Food,1,Mulder,Male,2021-03-23T00:00:00Z,10,3-4,3,4,L,NA,NA,R,0
Food,1,Mulder,Male,2021-03-23T00:00:00Z,10,2-6,2,6,L,NA,NA,L,1
Food,1,Mulder,Male,2021-03-23T00:00:00Z,10,1-5,1,5,R,NA,NA,L,0
Food,1,Mulder,Male,2021-03-24T00:00:00Z,11,2-5,2,5,R,NA,NA,L,0
Food,1,Mulder,Male,2021-03-25T00:00:00Z,12,3-6,3,6,R,NA,NA,L,0
Food,1,Mulder,Male,2021-03-25T00:00:00Z,12,2-5,2,5,R,NA,NA,L,0
Food,1,Mulder,Male,2021-03-25T00:00:00Z,12,2-4,2,4,R,NA,NA,L,0
Food,1,Mulder,Male,2021-03-25T00:00:00Z,12,4-5,4,5,R,NA,NA,L,0
Food,1,Mulder,Male,2021-03-25T00:00:00Z,12,1-4,1,4,L,NA,NA,L,1
Food,1,Mulder,Male,2021-03-26T00:00:00Z,13,2-3,2,3,R,NA,NA,L,0
Food,1,Mulder,Male,2021-03-26T00:00:00Z,13,1-6,1,6,R,NA,NA,L,0
Food,1,Mulder,Male,2021-03-26T00:00:00Z,13,2-6,2,6,L,NA,NA,L,1
Food,1,Mulder,Male,2021-03-26T00:00:00Z,13,1-3,1,3,R,NA,NA,L,0
Food,1,Mulder,Male,2021-03-26T00:00:00Z,13,1-5,1,5,L,NA,NA,L,1
Food,1,Mulder,Male,2021-03-30T00:00:00Z,15,5-6,5,6,L,NA,NA,L,1
Food,1,Mulder,Male,2021-04-05T00:00:00Z,18,4-6,4,6,L,NA,NA,L,1
Food,1,Mulder,Male,2021-04-05T00:00:00Z,18,3-4,3,4,L,NA,NA,L,1
Food,1,Mulder,Male,2021-04-05T00:00:00Z,18,1-2,1,2,L,NA,NA,L,1
Food,1,Mulder,Male,2021-04-05T00:00:00Z,18,3-5,3,5,L,NA,NA,L,1
Food,1,Mulder,Male,2021-04-06T00:00:00Z,19,2-4,2,4,R,NA,NA,L,0
Food,1,Mulder,Male,2021-04-06T00:00:00Z,19,1-6,1,6,L,NA,NA,L,1
Food,1,Mulder,Male,2021-04-06T00:00:00Z,19,2-6,2,6,R,NA,NA,L,0
Food,1,Mulder,Male,2021-04-06T00:00:00Z,19,4-6,4,6,R,NA,NA,L,0
Food,1,Mulder,Male,2021-04-07T00:00:00Z,20,2-3,2,3,L,NA,NA,L,1
Food,1,Mulder,Male,2021-04-07T00:00:00Z,20,2-5,2,5,L,NA,NA,L,1
Food,1,Mulder,Male,2021-04-09T00:00:00Z,21,1-5,1,5,R,NA,NA,L,0
Food,1,Mulder,Male,2021-04-13T00:00:00Z,23,3-5,3,5,L,NA,NA,L,1
Food,1,Mulder,Male,2021-04-13T00:00:00Z,23,3-6,3,6,R,NA,NA,L,0
Food,1,Mulder,Male,2021-04-13T00:00:00Z,23,5-6,5,6,L,NA,NA,L,1
Food,1,Mulder,Male,2021-04-13T00:00:00Z,23,1-2,1,2,R,NA,NA,L,0
Food,1,Mulder,Male,2021-04-13T00:00:00Z,23,1-3,1,3,R,NA,NA,L,0
Food,1,Mulder,Male,2021-04-15T00:00:00Z,25,1-4,1,4,R,NA,NA,L,0
Food,1,Mulder,Male,2021-04-15T00:00:00Z,25,3-4,3,4,R,NA,NA,L,0
Food,1,Mulder,Male,2021-04-16T00:00:00Z,26,4-5,4,5,R,NA,NA,L,0
Food,1,Mulder,Male,2021-04-20T00:00:00Z,27,3-5,3,5,R,NA,NA,L,0
Food,1,Mulder,Male,2021-04-20T00:00:00Z,27,4-5,4,5,R,NA,NA,L,0
Food,1,Mulder,Male,2021-04-20T00:00:00Z,27,1-6,1,6,R,NA,NA,L,0
Food,1,Mulder,Male,2021-05-04T00:00:00Z,36,2-5,2,5,R,NA,NA,L,0
Food,1,Mulder,Male,2021-05-04T00:00:00Z,36,3-4,3,4,R,NA,NA,L,0
Food,1,Mulder,Male,2021-05-05T00:00:00Z,37,1-4,1,4,L,NA,NA,L,1
Food,1,Mulder,Male,2021-05-05T00:00:00Z,37,2-6,2,6,R,NA,NA,NA,NA
Food,1,Mulder,Male,2021-05-05T00:00:00Z,37,1-5,1,5,R,NA,NA,NA,NA
Food,1,Mulder,Male,2021-05-05T00:00:00Z,37,2-4,2,4,R,NA,NA,NA,NA
Food,1,Mulder,Male,2021-05-05T00:00:00Z,37,1-3,1,3,L,NA,NA,NA,NA
Food,1,Mulder,Male,2021-05-05T00:00:00Z,37,2-3,2,3,L,NA,NA,NA,NA
Food,1,Mulder,Male,2021-05-05T00:00:00Z,37,4-6,4,6,L,NA,NA,NA,NA
Food,1,Mulder,Male,2021-05-05T00:00:00Z,37,1-2,1,2,L,NA,NA,NA,NA
Food,1,Mulder,Male,2021-05-05T00:00:00Z,37,3-6,3,6,L,NA,NA,NA,NA
Food,1,Mulder,Male,2021-05-05T00:00:00Z,37,5-6,5,6,R,NA,NA,NA,NA
Food,1,Mulder,Male,2021-05-05T00:00:00Z,37,3-6,3,6,R,NA,NA,NA,NA
Food,1,Mulder,Male,2021-05-05T00:00:00Z,37,1-6,1,6,L,NA,NA,NA,NA
Food,1,Mulder,Male,2021-05-05T00:00:00Z,37,1-2,1,2,L,NA,NA,NA,NA
Food,1,Mulder,Male,2021-05-05T00:00:00Z,37,4-5,4,5,L,NA,NA,NA,NA
Food,1,Mulder,Male,2021-05-05T00:00:00Z,37,1-4,1,4,L,NA,NA,NA,NA
Food,1,Mulder,Male,2021-05-05T00:00:00Z,37,3-5,3,5,R,NA,NA,NA,NA
Food,1,Mulder,Male,2021-05-05T00:00:00Z,37,2-4,2,4,L,NA,NA,NA,NA
Food,1,Mulder,Male,2021-05-05T00:00:00Z,37,3-4,3,4,R,NA,NA,NA,NA
Food,1,Mulder,Male,2021-05-05T00:00:00Z,37,2-3,2,3,L,NA,NA,NA,NA
Food,1,Mulder,Male,2021-05-05T00:00:00Z,37,4-6,4,6,L,NA,NA,NA,NA
Food,1,Mulder,Male,2021-05-05T00:00:00Z,37,2-6,2,6,R,NA,NA,NA,NA
Food,1,Mulder,Male,2021-05-05T00:00:00Z,37,5-6,5,6,L,NA,NA,NA,NA
Food,1,Mulder,Male,2021-05-05T00:00:00Z,37,1-5,1,5,L,NA,NA,NA,NA
Food,1,Mulder,Male,2021-05-05T00:00:00Z,37,1-3,1,3,L,NA,NA,NA,NA
Food,1,Mulder,Male,2021-05-05T00:00:00Z,37,2-5,2,5,L,NA,NA,NA,NA
Food,1,Mulder,Male,2021-05-05T00:00:00Z,37,2-3,2,3,L,NA,NA,NA,NA
Food,1,Mulder,Male,2021-05-05T00:00:00Z,37,2-5,2,5,L,NA,NA,NA,NA
Food,1,Mulder,Male,2021-05-05T00:00:00Z,37,2-6,2,6,R,NA,NA,NA,NA
Food,1,Mulder,Male,2021-05-05T00:00:00Z,37,1-2,1,2,R,NA,NA,NA,NA
Food,1,Mulder,Male,2021-05-05T00:00:00Z,37,1-3,1,3,L,NA,NA,NA,NA
Food,1,Mulder,Male,2021-05-05T00:00:00Z,37,3-5,3,5,L,NA,NA,NA,NA
Food,1,Mulder,Male,2021-05-05T00:00:00Z,37,3-6,3,6,R,NA,NA,NA,NA
Food,1,Mulder,Male,2021-05-05T00:00:00Z,37,2-4,2,4,R,NA,NA,NA,NA
Food,1,Mulder,Male,2021-05-05T00:00:00Z,37,4-5,4,5,R,NA,NA,NA,NA
Food,1,Mulder,Male,2021-05-05T00:00:00Z,37,1-4,1,4,R,NA,NA,NA,NA
Food,1,Mulder,Male,2021-05-05T00:00:00Z,37,1-5,1,5,L,NA,NA,NA,NA
Food,1,Mulder,Male,2021-05-05T00:00:00Z,37,1-6,1,6,L,NA,NA,NA,NA
Food,1,Mulder,Male,2021-05-05T00:00:00Z,37,4-6,4,6,R,NA,NA,NA,NA
Food,1,Mulder,Male,2021-05-05T00:00:00Z,37,5-6,5,6,L,NA,NA,NA,NA
Food,1,Mulder,Male,2021-05-05T00:00:00Z,37,3-4,3,4,R,NA,NA,NA,NA
Food,1,Mulder,Male,2021-05-05T00:00:00Z,37,1-6,1,6,L,NA,NA,NA,NA
Food,1,Mulder,Male,2021-05-05T00:00:00Z,37,4-6,4,6,L,NA,NA,NA,NA
Food,1,Mulder,Male,2021-05-05T00:00:00Z,37,3-5,3,5,L,NA,NA,NA,NA
Food,1,Mulder,Male,2021-05-05T00:00:00Z,37,2-3,2,3,L,NA,NA,NA,NA
Food,1,Mulder,Male,2021-05-05T00:00:00Z,37,1-2,1,2,L,NA,NA,NA,NA
Food,1,Mulder,Male,2021-05-05T00:00:00Z,37,1-5,1,5,R,NA,NA,NA,NA
Food,1,Mulder,Male,2021-05-05T00:00:00Z,37,1-4,1,4,L,NA,NA,NA,NA
Food,1,Mulder,Male,2021-05-05T00:00:00Z,37,2-5,2,5,L,NA,NA,NA,NA
Food,1,Mulder,Male,2021-05-05T00:00:00Z,37,1-3,1,3,R,NA,NA,NA,NA
Food,1,Mulder,Male,2021-05-05T00:00:00Z,37,2-4,2,4,L,NA,NA,NA,NA
Food,1,Mulder,Male,2021-05-05T00:00:00Z,37,5-6,5,6,L,NA,NA,NA,NA
Food,1,Mulder,Male,2021-05-05T00:00:00Z,37,3-6,3,6,R,NA,NA,NA,NA
Food,1,Mulder,Male,2021-05-05T00:00:00Z,37,4-5,4,5,L,NA,NA,NA,NA
Food,1,Mulder,Male,2021-05-05T00:00:00Z,37,2-6,2,6,L,NA,NA,NA,NA
Food,1,Mulder,Male,2021-05-05T00:00:00Z,37,3-4,3,4,R,NA,NA,NA,NA
Food,1,Mulder,Male,2021-05-05T00:00:00Z,37,5-6,5,6,R,NA,NA,NA,NA
Food,1,Mulder,Male,2021-05-05T00:00:00Z,37,2-3,2,3,R,NA,NA,NA,NA
Food,1,Mulder,Male,2021-05-05T00:00:00Z,37,3-6,3,6,R,NA,NA,NA,NA
Food,1,Mulder,Male,2021-05-05T00:00:00Z,37,1-3,1,3,L,NA,NA,NA,NA
Food,1,Mulder,Male,2021-05-05T00:00:00Z,37,3-5,3,5,L,NA,NA,NA,NA
Food,1,Mulder,Male,2021-05-05T00:00:00Z,37,1-2,1,2,L,NA,NA,NA,NA
Food,1,Mulder,Male,2021-05-05T00:00:00Z,37,2-6,2,6,R,NA,NA,NA,NA
Food,1,Mulder,Male,2021-05-05T00:00:00Z,37,1-6,1,6,R,NA,NA,NA,NA
Food,1,Mulder,Male,2021-05-05T00:00:00Z,37,2-5,2,5,L,NA,NA,NA,NA
Food,1,Mulder,Male,2021-05-05T00:00:00Z,37,4-5,4,5,L,NA,NA,NA,NA
Food,1,Mulder,Male,2021-05-05T00:00:00Z,37,1-4,1,4,R,NA,NA,NA,NA
Food,1,Mulder,Male,2021-05-05T00:00:00Z,37,2-4,2,4,R,NA,NA,NA,NA
Food,1,Mulder,Male,2021-05-05T00:00:00Z,37,3-4,3,4,R,NA,NA,NA,NA
Food,1,Mulder,Male,2021-05-05T00:00:00Z,37,1-5,1,5,L,NA,NA,NA,NA
Food,1,Mulder,Male,2021-05-05T00:00:00Z,37,4-6,4,6,L,NA,NA,NA,NA
Food,1,Mulder,Male,2021-05-05T00:00:00Z,37,2-4,2,4,L,NA,NA,NA,NA
Food,1,Mulder,Male,2021-05-05T00:00:00Z,37,2-5,2,5,L,NA,NA,NA,NA
Food,1,Mulder,Male,2021-05-05T00:00:00Z,37,3-6,3,6,L,NA,NA,NA,NA
Food,1,Mulder,Male,2021-05-05T00:00:00Z,37,4-5,4,5,L,NA,NA,NA,NA
Food,1,Mulder,Male,2021-05-05T00:00:00Z,37,1-5,1,5,L,NA,NA,NA,NA
Food,1,Mulder,Male,2021-05-05T00:00:00Z,37,1-3,1,3,R,NA,NA,NA,NA
Food,1,Mulder,Male,2021-05-05T00:00:00Z,37,3-4,3,4,R,NA,NA,NA,NA
Food,1,Mulder,Male,2021-05-05T00:00:00Z,37,3-5,3,5,R,NA,NA,NA,NA
Food,1,Mulder,Male,2021-05-05T00:00:00Z,37,1-2,1,2,R,NA,NA,NA,NA
Food,1,Mulder,Male,2021-05-05T00:00:00Z,37,5-6,5,6,R,NA,NA,NA,NA
Food,1,Mulder,Male,2021-05-05T00:00:00Z,37,1-6,1,6,L,NA,NA,NA,NA
Food,1,Mulder,Male,2021-05-05T00:00:00Z,37,2-6,2,6,R,NA,NA,NA,NA
Food,1,Mulder,Male,2021-05-05T00:00:00Z,37,2-3,2,3,R,NA,NA,NA,NA
Food,1,Mulder,Male,2021-05-05T00:00:00Z,37,1-4,1,4,L,NA,NA,NA,NA
Food,1,Mulder,Male,2021-05-05T00:00:00Z,37,4-6,4,6,L,NA,NA,NA,NA
Food,1,Mote,Male,2021-03-12T00:00:00Z,2,2-6,2,6,R,NA,NA,R,1
Food,1,Mote,Male,2021-03-12T00:00:00Z,2,2-3,2,3,L,NA,NA,R,0
Food,1,Mote,Male,2021-03-12T00:00:00Z,2,3-4,3,4,R,NA,NA,R,1
Food,1,Mote,Male,2021-03-12T00:00:00Z,2,1-5,1,5,R,NA,NA,R,1
Food,1,Mote,Male,2021-03-16T00:00:00Z,5,4-6,4,6,L,NA,NA,L,1
Food,1,Mote,Male,2021-03-16T00:00:00Z,8,3-5,3,5,R,NA,NA,R,1
Food,1,Mote,Male,2021-03-22T00:00:00Z,9,3-6,3,6,R,NA,NA,R,1
Food,1,Mote,Male,2021-03-22T00:00:00Z,9,5-6,5,6,L,NA,NA,L,1
Food,1,Mote,Male,2021-03-22T00:00:00Z,9,1-6,1,6,R,NA,NA,R,1
Food,1,Mote,Male,2021-03-23T00:00:00Z,10,1-2,1,2,R,NA,NA,R,1
Food,1,Mote,Male,2021-03-23T00:00:00Z,10,1-4,1,4,R,NA,NA,R,1
Food,1,Mote,Male,2021-03-23T00:00:00Z,10,1-3,1,3,R,NA,NA,R,1
Food,1,Mote,Male,2021-03-23T00:00:00Z,10,2-4,2,4,R,NA,NA,R,1
Food,1,Mote,Male,2021-03-23T00:00:00Z,10,4-5,4,5,R,NA,NA,R,1
Food,1,Mote,Male,2021-03-24T00:00:00Z,11,2-5,2,5,L,NA,NA,L,1
Food,1,Mote,Male,2021-03-25T00:00:00Z,12,1-6,1,6,R,NA,NA,R,1
Food,1,Mote,Male,2021-03-25T00:00:00Z,12,1-2,1,2,L,NA,NA,R,0
Food,1,Mote,Male,2021-03-25T00:00:00Z,12,5-6,5,6,R,NA,NA,R,1
Food,1,Mote,Male,2021-03-25T00:00:00Z,12,2-3,2,3,R,NA,NA,L,0
Food,1,Mote,Male,2021-03-25T00:00:00Z,12,4-5,4,5,L,NA,NA,L,1
Food,1,Mote,Male,2021-03-26T00:00:00Z,13,3-4,3,4,R,NA,NA,L,0
Food,1,Mote,Male,2021-03-29T00:00:00Z,14,2-6,2,6,L,NA,NA,R,0
Food,1,Mote,Male,2021-03-29T00:00:00Z,14,3-6,3,6,L,NA,NA,R,0
Food,1,Mote,Male,2021-03-29T00:00:00Z,14,2-5,2,5,L,NA,NA,R,0
Food,1,Mote,Male,2021-03-29T00:00:00Z,14,4-6,4,6,L,NA,NA,L,1
Food,1,Mote,Male,2021-03-29T00:00:00Z,14,1-3,1,3,R,NA,NA,R,1
Food,1,Mote,Male,2021-03-30T00:00:00Z,15,1-5,1,5,L,NA,NA,R,0
Food,1,Mote,Male,2021-03-30T00:00:00Z,15,1-4,1,4,L,NA,NA,L,1
Food,1,Mote,Male,2021-03-30T00:00:00Z,15,2-4,2,4,L,NA,NA,R,0
Food,1,Mote,Male,2021-03-30T00:00:00Z,15,3-5,3,5,L,NA,NA,R,0
Food,1,Mote,Male,2021-03-30T00:00:00Z,15,3-4,3,4,R,NA,NA,R,1
Food,1,Mote,Male,2021-03-31T00:00:00Z,16,1-6,1,6,L,NA,NA,L,1
Food,1,Mote,Male,2021-04-01T00:00:00Z,17,1-2,1,2,R,NA,NA,L,0
Food,1,Mote,Male,2021-04-01T00:00:00Z,17,1-4,1,4,L,NA,NA,R,0
Food,1,Mote,Male,2021-04-05T00:00:00Z,18,2-4,2,4,R,NA,NA,R,1
Food,1,Mote,Male,2021-04-05T00:00:00Z,18,3-5,3,5,L,NA,NA,L,1
Food,1,Mote,Male,2021-04-06T00:00:00Z,19,3-6,3,6,L,NA,NA,R,0
Food,1,Mote,Male,2021-04-06T00:00:00Z,19,4-5,4,5,L,NA,NA,R,0
Food,1,Mote,Male,2021-04-07T00:00:00Z,20,1-3,1,3,L,NA,NA,L,1
Food,1,Mote,Male,2021-04-09T00:00:00Z,21,2-5,2,5,R,NA,NA,R,1
Food,1,Mote,Male,2021-04-12T00:00:00Z,22,2-3,2,3,R,NA,NA,R,1
Food,1,Mote,Male,2021-04-12T00:00:00Z,22,5-6,5,6,L,NA,NA,R,0
Food,1,Mote,Male,2021-04-12T00:00:00Z,22,1-5,1,5,R,NA,NA,L,0
Food,1,Mote,Male,2021-04-12T00:00:00Z,22,2-6,2,6,L,NA,NA,L,1
Food,1,Mote,Male,2021-04-12T00:00:00Z,22,4-6,4,6,R,NA,NA,R,1
Food,1,Mote,Male,2021-04-13T00:00:00Z,23,1-3,1,3,L,NA,NA,R,0
Food,1,Mote,Male,2021-04-13T00:00:00Z,23,2-3,2,3,L,NA,NA,R,0
Food,1,Mote,Male,2021-04-14T00:00:00Z,24,1-2,1,2,L,NA,NA,R,0
Food,1,Mote,Male,2021-04-14T00:00:00Z,24,1-4,1,4,L,NA,NA,R,0
Food,1,Mote,Male,2021-04-14T00:00:00Z,24,2-5,2,5,R,NA,NA,R,1
Food,1,Mote,Male,2021-04-15T00:00:00Z,25,3-4,3,4,L,NA,NA,R,0
Food,1,Mote,Male,2021-04-16T00:00:00Z,26,5-6,5,6,R,NA,NA,R,1
Food,1,Mote,Male,2021-04-20T00:00:00Z,27,1-5,1,5,L,NA,NA,R,0
Food,1,Mote,Male,2021-04-20T00:00:00Z,27,4-5,4,5,L,NA,NA,R,0
Food,1,Mote,Male,2021-04-21T00:00:00Z,28,1-6,1,6,R,NA,NA,R,1
Food,1,Mote,Male,2021-04-22T00:00:00Z,29,4-6,4,6,R,NA,NA,L,0
Food,1,Mote,Male,2021-04-23T00:00:00Z,30,3-5,3,5,R,NA,NA,L,0
Food,1,Mote,Male,2021-04-29T00:00:00Z,34,2-6,2,6,L,NA,NA,R,0
Food,1,Mote,Male,2021-04-30T00:00:00Z,35,2-4,2,4,L,NA,NA,R,0
Food,1,Mote,Male,2021-05-04T00:00:00Z,36,3-6,3,6,L,NA,NA,L,1
Food,1,Mote,Male,2021-05-04T00:00:00Z,36,2-6,2,6,R,NA,NA,L,0
Food,1,Mote,Male,2021-05-04T00:00:00Z,36,1-2,1,2,L,NA,NA,L,1
Food,1,Mote,Male,2021-05-04T00:00:00Z,36,1-5,1,5,L,NA,NA,L,1
Food,1,Mote,Male,2021-05-05T00:00:00Z,37,5-6,5,6,R,NA,NA,R,1
Food,1,Mote,Male,2021-05-06T00:00:00Z,38,1-3,1,3,R,NA,NA,R,1
Food,1,Mote,Male,2021-05-06T00:00:00Z,38,3-5,3,5,L,NA,NA,L,1
Food,1,Mote,Male,2021-05-06T00:00:00Z,38,4-6,4,6,L,NA,NA,R,0
Food,1,Mote,Male,2021-05-06T00:00:00Z,38,3-6,3,6,R,NA,NA,L,0
Food,1,Mote,Male,2021-05-07T00:00:00Z,39,4-5,4,5,R,NA,NA,R,1
Food,1,Mote,Male,2021-05-11T00:00:00Z,40,1-6,1,6,L,NA,NA,L,1
Food,1,Mote,Male,2021-05-13T00:00:00Z,42,2-3,2,3,L,NA,NA,R,0
Food,1,Mote,Male,2021-05-13T00:00:00Z,42,1-4,1,4,L,NA,NA,R,0
Food,1,Mote,Male,2021-05-13T00:00:00Z,42,2-4,2,4,R,NA,NA,R,1
Food,1,Mote,Male,2021-05-14T00:00:00Z,43,3-4,3,4,R,NA,NA,R,1
Food,1,Mote,Male,2021-05-14T00:00:00Z,43,2-5,2,5,L,NA,NA,L,1
Food,1,Mote,Male,2021-05-17T00:00:00Z,44,1-6,1,6,R,NA,NA,L,0
Food,1,Mote,Male,2021-05-17T00:00:00Z,44,1-4,1,4,R,NA,NA,R,1
Food,1,Mote,Male,2021-05-17T00:00:00Z,44,3-5,3,5,L,NA,NA,R,0
Food,1,Mote,Male,2021-05-17T00:00:00Z,44,3-4,3,4,R,NA,NA,R,1
Food,1,Mote,Male,2021-05-17T00:00:00Z,44,5-6,5,6,L,NA,NA,R,0
Food,1,Mote,Male,2021-05-18T00:00:00Z,45,3-6,3,6,R,NA,NA,L,0
Food,1,Mote,Male,2021-05-18T00:00:00Z,45,1-3,1,3,L,NA,NA,R,0
Food,1,Mote,Male,2021-05-18T00:00:00Z,45,2-4,2,4,L,NA,NA,L,1
Food,1,Mote,Male,2021-05-18T00:00:00Z,45,2-3,2,3,R,NA,NA,R,1
Food,1,Mote,Male,2021-05-18T00:00:00Z,45,2-5,2,5,L,NA,NA,R,0
Food,1,Mote,Male,2021-05-22T00:00:00Z,48,4-5,4,5,L,NA,NA,L,1
Food,1,Mote,Male,2021-05-22T00:00:00Z,48,1-5,1,5,R,NA,NA,R,1
Food,1,Mote,Male,2021-05-22T00:00:00Z,48,4-6,4,6,R,NA,NA,L,0
Food,1,Mote,Male,2021-05-24T00:00:00Z,49,2-6,2,6,L,NA,NA,L,1
Food,1,Mote,Male,2021-05-24T00:00:00Z,49,1-2,1,2,R,NA,NA,R,1
Food,1,Mote,Male,2021-05-24T00:00:00Z,49,1-4,1,4,L,NA,NA,L,1
Food,1,Mote,Male,2021-05-24T00:00:00Z,49,2-3,2,3,L,NA,NA,R,0
Food,1,Mote,Male,2021-05-24T00:00:00Z,49,3-5,3,5,R,NA,NA,R,1
Food,1,Mote,Male,2021-05-25T00:00:00Z,50,4-5,4,5,L,NA,NA,L,1
Food,1,Mote,Male,2021-05-25T00:00:00Z,50,3-4,3,4,L,NA,NA,L,1
Food,1,Mote,Male,2021-05-25T00:00:00Z,50,1-6,1,6,L,NA,NA,L,1
Food,1,Mote,Male,2021-05-25T00:00:00Z,50,4-6,4,6,L,NA,NA,L,1
Food,1,Mote,Male,2021-05-26T00:00:00Z,51,3-6,3,6,R,NA,NA,R,1
Food,1,Mote,Male,2021-05-26T00:00:00Z,51,2-5,2,5,R,NA,NA,R,1
Food,1,Mote,Male,2021-05-26T00:00:00Z,51,2-4,2,4,R,NA,NA,R,1
Food,1,Mote,Male,2021-05-26T00:00:00Z,51,1-5,1,5,L,NA,NA,L,1
Food,1,Mote,Male,2021-05-26T00:00:00Z,51,5-6,5,6,R,NA,NA,R,1
Food,1,Mote,Male,2021-05-28T00:00:00Z,53,1-3,1,3,L,NA,NA,L,1
Food,1,Mote,Male,2021-05-28T00:00:00Z,53,1-2,1,2,R,NA,NA,L,0
Food,1,Mote,Male,2021-05-28T00:00:00Z,53,2-6,2,6,L,NA,NA,L,1
Food,1,Mote,Male,2021-05-28T00:00:00Z,53,2-3,2,3,R,NA,NA,L,0
Food,1,Mote,Male,2021-05-28T00:00:00Z,53,4-6,4,6,L,NA,NA,L,1
Food,1,Mote,Male,2021-05-31T00:00:00Z,54,3-6,3,6,L,NA,NA,R,0
Food,1,Mote,Male,2021-05-31T00:00:00Z,54,2-5,2,5,R,NA,NA,R,1
Food,1,Mote,Male,2021-05-31T00:00:00Z,54,1-6,1,6,R,NA,NA,R,1
Food,1,Mote,Male,2021-05-31T00:00:00Z,54,3-4,3,4,L,NA,NA,R,0
Food,1,Mote,Male,2021-05-31T00:00:00Z,54,5-6,5,6,R,NA,NA,L,0
Food,1,Mote,Male,2021-06-01T00:00:00Z,55,1-2,1,2,R,NA,NA,R,1
Food,1,Mote,Male,2021-06-01T00:00:00Z,55,3-5,3,5,L,NA,NA,R,0
Food,1,Mote,Male,2021-06-01T00:00:00Z,55,1-3,1,3,R,NA,NA,R,1
Food,1,Mote,Male,2021-06-01T00:00:00Z,55,4-5,4,5,L,NA,NA,L,1
Food,1,Mote,Male,2021-06-01T00:00:00Z,55,1-5,1,5,R,NA,NA,L,0
Food,1,Mote,Male,2021-06-02T00:00:00Z,56,1-4,1,4,L,NA,NA,L,1
Food,1,Mote,Male,2021-06-02T00:00:00Z,56,2-6,2,6,R,NA,NA,R,1
Food,1,Mote,Male,2021-06-02T00:00:00Z,56,2-4,2,4,R,NA,NA,R,1
Food,1,Mote,Male,2021-06-02T00:00:00Z,56,1-5,1,5,L,NA,NA,L,1
Food,1,Mote,Male,2021-06-02T00:00:00Z,56,2-5,2,5,R,NA,NA,R,1
Food,1,Mote,Male,2021-06-03T00:00:00Z,57,5-6,5,6,L,NA,NA,L,1
Food,1,Mote,Male,2021-06-03T00:00:00Z,57,1-2,1,2,R,NA,NA,L,0
Food,1,Mote,Male,2021-06-03T00:00:00Z,57,1-4,1,4,R,NA,NA,R,1
Food,1,Mote,Male,2021-06-03T00:00:00Z,57,2-3,2,3,R,NA,NA,L,0
Food,1,Mote,Male,2021-06-04T00:00:00Z,58,3-4,3,4,L,NA,NA,R,0
Food,1,Mote,Male,2021-06-04T00:00:00Z,58,1-3,1,3,R,NA,NA,R,1
Food,1,Mote,Male,2021-06-04T00:00:00Z,58,1-6,1,6,L,NA,NA,L,1
Food,1,Mote,Male,2021-06-04T00:00:00Z,58,2-6,2,6,L,NA,NA,R,0
Food,1,Mote,Male,2021-06-04T00:00:00Z,58,4-5,4,5,L,NA,NA,L,1
Food,1,Mote,Male,2021-06-07T00:00:00Z,59,2-4,2,4,R,NA,NA,R,1
Food,1,Mote,Male,2021-06-07T00:00:00Z,59,4-6,4,6,R,NA,NA,R,1
Food,1,Mote,Male,2021-06-07T00:00:00Z,59,3-5,3,5,L,NA,NA,R,0
Food,1,Mote,Male,2021-06-09T00:00:00Z,60,3-6,3,6,L,NA,NA,L,1
Food,1,Mote,Male,2021-06-09T00:00:00Z,60,4-6,4,6,R,NA,NA,R,1
Food,1,Mote,Male,2021-06-10T00:00:00Z,61,2-5,2,5,L,NA,NA,L,1
Food,1,Mote,Male,2021-06-10T00:00:00Z,61,2-3,2,3,R,NA,NA,R,1
Food,1,Mote,Male,2021-06-13T00:00:00Z,62,3-5,3,5,L,NA,NA,L,1
Food,1,Mote,Male,2021-06-13T00:00:00Z,62,4-5,4,5,L,NA,NA,L,1
Food,1,Mote,Male,2021-06-13T00:00:00Z,62,3-6,3,6,R,NA,NA,R,1
Food,1,Mote,Male,2021-06-13T00:00:00Z,62,1-3,1,3,R,NA,NA,R,1
Food,1,Mote,Male,2021-06-13T00:00:00Z,62,3-4,3,4,R,NA,NA,L,0
Food,1,Mote,Male,2021-06-15T00:00:00Z,63,1-6,1,6,L,NA,NA,L,1
Food,1,Mote,Male,2021-06-15T00:00:00Z,63,1-2,1,2,R,NA,NA,R,1
Food,1,Mote,Male,2021-06-15T00:00:00Z,63,2-4,2,4,L,NA,NA,L,1
Food,1,Mote,Male,2021-06-15T00:00:00Z,63,1-5,1,5,L,NA,NA,L,1
Food,1,Mote,Male,2021-06-15T00:00:00Z,63,1-4,1,4,R,NA,NA,L,0
Food,1,Mote,Male,2021-06-16T00:00:00Z,64,5-6,5,6,R,NA,NA,R,1
Food,1,Mote,Male,2021-06-16T00:00:00Z,64,2-6,2,6,R,NA,NA,R,1
Food,1,He-man,Male,2021-03-11T00:00:00Z,1,2-3,2,3,R,NA,NA,L,0
Food,1,He-man,Male,2021-03-11T00:00:00Z,1,5-6,5,6,R,NA,NA,R,1
Food,1,He-man,Male,2021-03-12T00:00:00Z,2,4-5,4,5,R,NA,NA,R,1
Food,1,He-man,Male,2021-03-12T00:00:00Z,2,2-6,2,6,L,NA,NA,L,1
Food,1,He-man,Male,2021-03-14T00:00:00Z,3,3-4,3,4,R,NA,NA,R,1
Food,1,He-man,Male,2021-03-14T00:00:00Z,3,3-5,3,5,R,NA,NA,L,0
Food,1,He-man,Male,2021-03-14T00:00:00Z,3,1-2,1,2,R,NA,NA,R,1
Food,1,He-man,Male,2021-03-14T00:00:00Z,3,1-6,1,6,L,NA,NA,R,0
Food,1,He-man,Male,2021-03-14T00:00:00Z,3,1-5,1,5,L,NA,NA,L,1
Food,1,He-man,Male,2021-03-15T00:00:00Z,4,1-3,1,3,L,NA,NA,L,1
Food,1,He-man,Male,2021-03-15T00:00:00Z,4,4-6,4,6,R,NA,NA,L,0
Food,1,He-man,Male,2021-03-15T00:00:00Z,4,3-6,3,6,R,NA,NA,L,0
Food,1,He-man,Male,2021-03-15T00:00:00Z,4,2-5,2,5,R,NA,NA,L,0
Food,1,He-man,Male,2021-03-15T00:00:00Z,4,1-4,1,4,R,NA,NA,L,0
Food,1,He-man,Male,2021-03-16T00:00:00Z,5,2-4,2,4,L,NA,NA,R,0
Food,1,He-man,Male,2021-03-16T00:00:00Z,5,2-4,2,4,R,NA,NA,L,0
Food,1,He-man,Male,2021-03-16T00:00:00Z,5,1-2,1,2,L,NA,NA,L,1
Food,1,He-man,Male,2021-03-16T00:00:00Z,5,5-6,5,6,L,NA,NA,L,1
Food,1,He-man,Male,2021-05-19T00:00:00Z,46,3-5,3,5,L,NA,NA,L,1
Food,1,He-man,Male,2021-05-19T00:00:00Z,46,2-3,2,3,R,NA,NA,L,0
Food,1,He-man,Male,2021-05-19T00:00:00Z,46,3-6,3,6,L,NA,NA,L,1
Food,1,He-man,Male,2021-03-18T00:00:00Z,7,1-3,1,3,L,NA,NA,L,1
Food,1,He-man,Male,2021-03-18T00:00:00Z,7,1-5,1,5,R,NA,NA,R,1
Food,1,He-man,Male,2021-03-18T00:00:00Z,7,1-6,1,6,R,NA,NA,L,0
Food,1,He-man,Male,2021-03-18T00:00:00Z,7,3-4,3,4,R,NA,NA,L,0
Food,1,He-man,Male,2021-03-18T00:00:00Z,7,2-6,2,6,L,NA,NA,R,0
Food,1,He-man,Male,2021-05-19T00:00:00Z,46,1-4,1,4,R,NA,NA,L,0
Food,1,He-man,Male,2021-03-22T00:00:00Z,9,2-5,2,5,L,NA,NA,L,1
Food,1,He-man,Male,2021-03-22T00:00:00Z,9,4-6,4,6,R,NA,NA,L,0
Food,1,He-man,Male,2021-03-22T00:00:00Z,9,4-5,4,5,R,NA,NA,L,0
Food,1,He-man,Male,2021-03-22T00:00:00Z,9,2-4,2,4,R,NA,NA,L,0
Food,1,He-man,Male,2021-03-22T00:00:00Z,9,5-6,5,6,L,NA,NA,L,1
Food,1,He-man,Male,2021-03-23T00:00:00Z,10,1-3,1,3,R,NA,NA,R,1
Food,1,He-man,Male,2021-03-24T00:00:00Z,11,4-5,4,5,L,NA,NA,L,1
Food,1,He-man,Male,2021-03-24T00:00:00Z,11,2-5,2,5,L,NA,NA,L,1
Food,1,He-man,Male,2021-03-25T00:00:00Z,12,1-5,1,5,L,NA,NA,L,1
Food,1,He-man,Male,2021-03-25T00:00:00Z,12,3-5,3,5,R,NA,NA,L,0
Food,1,He-man,Male,2021-03-25T00:00:00Z,12,2-3,2,3,R,NA,NA,L,0
Food,1,He-man,Male,2021-03-25T00:00:00Z,12,3-6,3,6,R,NA,NA,L,0
Food,1,He-man,Male,2021-03-25T00:00:00Z,12,1-6,1,6,R,NA,NA,L,0
Food,1,He-man,Male,2021-03-26T00:00:00Z,13,4-6,4,6,L,NA,NA,L,1
Food,1,He-man,Male,2021-03-26T00:00:00Z,13,3-4,3,4,L,NA,NA,L,1
Food,1,He-man,Male,2021-03-29T00:00:00Z,14,2-6,2,6,L,NA,NA,L,1
Food,1,He-man,Male,2021-03-29T00:00:00Z,14,1-4,1,4,R,NA,NA,L,0
Food,1,He-man,Male,2021-03-30T00:00:00Z,15,1-2,1,2,L,NA,NA,L,1
Food,1,He-man,Male,2021-03-30T00:00:00Z,15,2-6,2,6,L,NA,NA,L,1
Food,1,He-man,Male,2021-03-31T00:00:00Z,16,5-6,5,6,R,NA,NA,L,0
Food,1,He-man,Male,2021-04-05T00:00:00Z,18,3-4,3,4,R,NA,NA,L,0
Food,1,He-man,Male,2021-04-05T00:00:00Z,18,1-2,1,2,L,NA,NA,R,0
Food,1,He-man,Male,2021-04-05T00:00:00Z,18,4-5,4,5,R,NA,NA,L,0
Food,1,He-man,Male,2021-04-05T00:00:00Z,18,4-6,4,6,L,NA,NA,L,1
Food,1,He-man,Male,2021-04-05T00:00:00Z,18,2-5,2,5,L,NA,NA,L,1
Food,1,He-man,Male,2021-04-06T00:00:00Z,19,3-5,3,5,R,NA,NA,L,0
Food,1,He-man,Male,2021-04-07T00:00:00Z,20,3-6,3,6,R,NA,NA,L,0
Food,1,He-man,Male,2021-04-09T00:00:00Z,21,2-4,2,4,L,NA,NA,L,1
Food,1,He-man,Male,2021-04-09T00:00:00Z,21,1-3,1,3,L,NA,NA,L,1
Food,1,He-man,Male,2021-04-12T00:00:00Z,22,1-4,1,4,R,NA,NA,L,0
Food,1,He-man,Male,2021-04-12T00:00:00Z,22,1-6,1,6,L,NA,NA,L,1
Food,1,He-man,Male,2021-04-12T00:00:00Z,22,1-5,1,5,R,NA,NA,L,0
Food,1,He-man,Male,2021-04-13T00:00:00Z,23,2-3,2,3,L,NA,NA,L,1
Food,1,He-man,Male,2021-04-13T00:00:00Z,23,1-4,1,4,L,NA,NA,L,1
Food,1,He-man,Male,2021-04-13T00:00:00Z,23,5-6,5,6,L,NA,NA,L,1
Food,1,He-man,Male,2021-04-13T00:00:00Z,23,1-6,1,6,L,NA,NA,L,1
Food,1,He-man,Male,2021-04-13T00:00:00Z,23,2-6,2,6,R,NA,NA,R,1
Food,1,He-man,Male,2021-04-14T00:00:00Z,24,3-5,3,5,R,NA,NA,R,1
Food,1,He-man,Male,2021-04-14T00:00:00Z,24,1-2,1,2,R,NA,NA,R,1
Food,1,He-man,Male,2021-04-14T00:00:00Z,24,1-3,1,3,R,NA,NA,L,0
Food,1,He-man,Male,2021-04-14T00:00:00Z,24,3-4,3,4,L,NA,NA,L,1
Food,1,He-man,Male,2021-04-14T00:00:00Z,24,4-5,4,5,R,NA,NA,L,0
Food,1,He-man,Male,2021-04-15T00:00:00Z,25,2-5,2,5,R,NA,NA,L,0
Food,1,He-man,Male,2021-04-15T00:00:00Z,25,2-3,2,3,L,NA,NA,L,1
Food,1,He-man,Male,2021-04-15T00:00:00Z,25,2-4,2,4,L,NA,NA,L,1
Food,1,He-man,Male,2021-04-15T00:00:00Z,25,3-6,3,6,L,NA,NA,L,1
Food,1,He-man,Male,2021-04-15T00:00:00Z,25,4-6,4,6,R,NA,NA,L,0
Food,1,He-man,Male,2021-04-16T00:00:00Z,26,1-5,1,5,R,NA,NA,R,1
Food,1,He-man,Male,2021-04-16T00:00:00Z,26,2-4,2,4,L,NA,NA,L,1
Food,1,He-man,Male,2021-04-20T00:00:00Z,27,1-5,1,5,R,NA,NA,L,0
Food,1,He-man,Male,2021-04-20T00:00:00Z,27,2-5,2,5,L,NA,NA,L,1
Food,1,He-man,Male,2021-04-20T00:00:00Z,27,3-6,3,6,L,NA,NA,L,1
Food,1,He-man,Male,2021-04-20T00:00:00Z,27,1-3,1,3,L,NA,NA,L,1
Food,1,He-man,Male,2021-04-21T00:00:00Z,28,1-4,1,4,L,NA,NA,L,1
Food,1,He-man,Male,2021-04-22T00:00:00Z,29,3-4,3,4,L,NA,NA,L,1
Food,1,He-man,Male,2021-04-22T00:00:00Z,29,4-6,4,6,R,NA,NA,L,0
Food,1,He-man,Male,2021-04-22T00:00:00Z,29,1-6,1,6,L,NA,NA,L,1
Food,1,He-man,Male,2021-04-22T00:00:00Z,29,2-3,2,3,L,NA,NA,L,1
Food,1,He-man,Male,2021-04-22T00:00:00Z,29,5-6,5,6,R,NA,NA,L,0
Food,1,He-man,Male,2021-04-23T00:00:00Z,30,3-5,3,5,L,NA,NA,L,1
Food,1,He-man,Male,2021-04-26T00:00:00Z,31,1-2,1,2,R,NA,NA,R,1
Food,1,He-man,Male,2021-04-26T00:00:00Z,31,4-5,4,5,L,NA,NA,L,1
Food,1,He-man,Male,2021-04-26T00:00:00Z,31,2-6,2,6,L,NA,NA,L,1
Food,1,He-man,Male,2021-04-26T00:00:00Z,31,3-6,3,6,L,NA,NA,R,0
Food,1,He-man,Male,2021-04-26T00:00:00Z,31,1-6,1,6,L,NA,NA,L,1
Food,1,He-man,Male,2021-04-27T00:00:00Z,32,1-4,1,4,L,NA,NA,L,1
Food,1,He-man,Male,2021-04-28T00:00:00Z,33,3-5,3,5,R,NA,NA,L,0
Food,1,He-man,Male,2021-04-29T00:00:00Z,34,5-6,5,6,R,NA,NA,L,0
Food,1,He-man,Male,2021-04-29T00:00:00Z,34,1-3,1,3,R,NA,NA,L,0
Food,1,He-man,Male,2021-04-29T00:00:00Z,34,3-4,3,4,R,NA,NA,L,0
Food,1,He-man,Male,2021-04-29T00:00:00Z,34,2-4,2,4,L,NA,NA,L,1
Food,1,He-man,Male,2021-04-29T00:00:00Z,34,4-5,4,5,R,NA,NA,R,1
Food,1,He-man,Male,2021-04-30T00:00:00Z,35,2-6,2,6,R,NA,NA,L,0
Food,1,He-man,Male,2021-04-30T00:00:00Z,35,4-6,4,6,R,NA,NA,L,0
Food,1,He-man,Male,2021-04-30T00:00:00Z,35,1-2,1,2,L,NA,NA,L,1
Food,1,He-man,Male,2021-04-30T00:00:00Z,35,1-5,1,5,R,NA,NA,L,0
Food,1,He-man,Male,2021-04-30T00:00:00Z,35,2-3,2,3,R,NA,NA,L,0
Food,1,He-man,Male,2021-05-04T00:00:00Z,36,2-5,2,5,R,NA,NA,L,0
Food,1,He-man,Male,2021-05-04T00:00:00Z,36,1-5,1,5,L,NA,NA,L,1
Food,1,He-man,Male,2021-05-04T00:00:00Z,36,1-4,1,4,L,NA,NA,L,1
Food,1,He-man,Male,2021-05-04T00:00:00Z,36,3-5,3,5,L,NA,NA,L,1
Food,1,He-man,Male,2021-05-04T00:00:00Z,36,1-2,1,2,L,NA,NA,L,1
Food,1,He-man,Male,2021-05-05T00:00:00Z,37,5-6,5,6,L,NA,NA,L,1
Food,1,He-man,Male,2021-05-05T00:00:00Z,37,1-6,1,6,R,NA,NA,L,0
Food,1,He-man,Male,2021-05-05T00:00:00Z,37,4-5,4,5,R,NA,NA,L,0
Food,1,He-man,Male,2021-05-05T00:00:00Z,37,3-6,3,6,L,NA,NA,L,1
Food,1,He-man,Male,2021-05-06T00:00:00Z,38,2-4,2,4,R,NA,NA,L,0
Food,1,He-man,Male,2021-05-06T00:00:00Z,38,3-4,3,4,L,NA,NA,L,1
Food,1,He-man,Male,2021-05-06T00:00:00Z,38,1-3,1,3,L,NA,NA,L,1
Food,1,He-man,Male,2021-05-06T00:00:00Z,38,4-6,4,6,R,NA,NA,L,0
Food,1,He-man,Male,2021-05-06T00:00:00Z,38,2-3,2,3,L,NA,NA,L,1
Food,1,He-man,Male,2021-05-07T00:00:00Z,39,2-6,2,6,L,NA,NA,L,1
Food,1,He-man,Male,2021-05-07T00:00:00Z,39,2-5,2,5,R,NA,NA,L,0
Food,1,He-man,Male,2021-05-07T00:00:00Z,39,3-5,3,5,R,NA,NA,L,0
Food,1,He-man,Male,2021-05-11T00:00:00Z,40,1-5,1,5,R,NA,NA,L,0
Food,1,He-man,Male,2021-05-11T00:00:00Z,40,2-5,2,5,L,NA,NA,L,1
Food,1,He-man,Male,2021-05-11T00:00:00Z,40,4-6,4,6,L,NA,NA,L,1
Food,1,He-man,Male,2021-05-11T00:00:00Z,40,2-3,2,3,L,NA,NA,L,1
Food,1,He-man,Male,2021-05-11T00:00:00Z,40,2-6,2,6,L,NA,NA,L,1
Food,1,He-man,Male,2021-05-12T00:00:00Z,41,1-3,1,3,R,NA,NA,L,0
Food,1,He-man,Male,2021-05-12T00:00:00Z,41,3-6,3,6,R,NA,NA,L,0
Food,1,He-man,Male,2021-05-12T00:00:00Z,41,1-6,1,6,L,NA,NA,L,1
Food,1,He-man,Male,2021-05-12T00:00:00Z,41,1-4,1,4,L,NA,NA,L,1
Food,1,He-man,Male,2021-05-12T00:00:00Z,41,1-2,1,2,L,NA,NA,L,1
Food,1,He-man,Male,2021-05-13T00:00:00Z,42,3-4,3,4,R,NA,NA,L,0
Food,1,He-man,Male,2021-05-13T00:00:00Z,42,5-6,5,6,R,NA,NA,L,0
Food,1,He-man,Male,2021-05-13T00:00:00Z,42,4-5,4,5,L,NA,NA,L,1
Food,1,He-man,Male,2021-05-13T00:00:00Z,42,2-4,2,4,L,NA,NA,L,1
Food,1,He-man,Male,2021-05-13T00:00:00Z,42,3-6,3,6,L,NA,NA,L,1
Food,1,He-man,Male,2021-05-14T00:00:00Z,43,4-5,4,5,R,NA,NA,L,0
Food,1,He-man,Male,2021-05-14T00:00:00Z,43,1-5,1,5,L,NA,NA,L,1
Food,1,He-man,Male,2021-05-14T00:00:00Z,43,3-5,3,5,R,NA,NA,L,0
Food,1,He-man,Male,2021-05-14T00:00:00Z,43,5-6,5,6,L,NA,NA,L,1
Food,1,He-man,Male,2021-05-14T00:00:00Z,43,1-4,1,4,R,NA,NA,L,0
Food,1,He-man,Male,2021-05-14T00:00:00Z,43,3-4,3,4,R,NA,NA,L,0
Food,1,He-man,Male,2021-05-17T00:00:00Z,44,2-3,2,3,R,NA,NA,L,0
Food,1,He-man,Male,2021-05-17T00:00:00Z,44,1-6,1,6,R,NA,NA,L,0
Food,1,He-man,Male,2021-05-17T00:00:00Z,44,1-3,1,3,R,NA,NA,L,0
Food,1,He-man,Male,2021-05-17T00:00:00Z,44,2-4,2,4,R,NA,NA,L,0
Food,1,He-man,Male,2021-05-17T00:00:00Z,44,2-6,2,6,L,NA,NA,L,1
Food,1,He-man,Male,2021-05-18T00:00:00Z,45,4-6,4,6,L,NA,NA,L,1
Food,1,He-man,Male,2021-05-18T00:00:00Z,45,1-2,1,2,R,NA,NA,R,1
Food,1,He-man,Male,2021-05-18T00:00:00Z,45,2-5,2,5,R,NA,NA,L,0
Food,1,Dartagnan,Male,2021-03-11T00:00:00Z,1,4-5,4,5,R,NA,NA,R,1
Food,1,Dartagnan,Male,2021-03-11T00:00:00Z,1,3-5,3,5,R,NA,NA,R,1
Food,1,Dartagnan,Male,2021-03-11T00:00:00Z,1,3-6,3,6,L,NA,NA,R,0
Food,1,Dartagnan,Male,2021-03-11T00:00:00Z,1,4-6,4,6,R,NA,NA,R,1
Food,1,Dartagnan,Male,2021-03-12T00:00:00Z,2,1-5,1,5,L,NA,NA,L,1
Food,1,Dartagnan,Male,2021-03-14T00:00:00Z,3,1-6,1,6,R,NA,NA,R,1
Food,1,Dartagnan,Male,2021-03-15T00:00:00Z,4,2-5,2,5,L,NA,NA,R,0
Food,1,Dartagnan,Male,2021-03-15T00:00:00Z,4,2-6,2,6,R,NA,NA,L,0
Food,1,Dartagnan,Male,2021-03-15T00:00:00Z,4,1-4,1,4,L,NA,NA,R,0
Food,1,Dartagnan,Male,2021-03-15T00:00:00Z,4,2-3,2,3,R,NA,NA,L,0
Food,1,Dartagnan,Male,2021-03-16T00:00:00Z,5,1-2,1,2,L,NA,NA,R,0
Food,1,Dartagnan,Male,2021-03-16T00:00:00Z,5,5-6,5,6,R,NA,NA,R,1
Food,1,Dartagnan,Male,2021-03-16T00:00:00Z,6,3-4,3,4,R,NA,NA,NA,NA
Food,1,Dartagnan,Male,2021-03-16T00:00:00Z,6,2-4,2,4,L,NA,NA,NA,NA
Food,1,Dartagnan,Male,2021-03-16T00:00:00Z,6,1-3,1,3,L,NA,NA,NA,NA
Food,1,Dartagnan,Male,2021-03-16T00:00:00Z,8,3-4,3,4,L,NA,NA,NA,NA
Food,1,Dartagnan,Male,2021-03-22T00:00:00Z,9,4-5,4,5,R,NA,NA,R,1
Food,1,Dartagnan,Male,2021-03-22T00:00:00Z,9,5-6,5,6,R,NA,NA,L,0
Food,1,Dartagnan,Male,2021-03-22T00:00:00Z,9,1-4,1,4,L,NA,NA,R,0
Food,1,Dartagnan,Male,2021-03-22T00:00:00Z,9,2-4,2,4,L,NA,NA,R,0
Food,1,Dartagnan,Male,2021-03-23T00:00:00Z,10,1-3,1,3,L,NA,NA,R,0
Food,1,Dartagnan,Male,2021-03-23T00:00:00Z,10,1-6,1,6,R,NA,NA,R,1
Food,1,Dartagnan,Male,2021-03-24T00:00:00Z,11,3-6,3,6,R,NA,NA,L,0
Food,1,Dartagnan,Male,2021-03-25T00:00:00Z,12,4-6,4,6,R,NA,NA,R,1
Food,1,Dartagnan,Male,2021-03-25T00:00:00Z,12,1-5,1,5,L,NA,NA,R,0
Food,1,Dartagnan,Male,2021-03-25T00:00:00Z,12,2-6,2,6,L,NA,NA,L,1
Food,1,Dartagnan,Male,2021-03-26T00:00:00Z,13,2-5,2,5,R,NA,NA,R,1
Food,1,Dartagnan,Male,2021-03-29T00:00:00Z,14,3-5,3,5,L,NA,NA,R,0
Food,1,Dartagnan,Male,2021-03-29T00:00:00Z,14,2-3,2,3,L,NA,NA,R,0
Food,1,Dartagnan,Male,2021-03-29T00:00:00Z,14,1-2,1,2,L,NA,NA,R,0
Food,1,Dartagnan,Male,2021-03-29T00:00:00Z,14,2-5,2,5,R,NA,NA,R,1
Food,1,Dartagnan,Male,2021-03-30T00:00:00Z,15,3-5,3,5,R,NA,NA,R,1
Food,1,Dartagnan,Male,2021-03-30T00:00:00Z,15,2-6,2,6,L,NA,NA,R,0
Food,1,Dartagnan,Male,2021-03-31T00:00:00Z,16,2-4,2,4,L,NA,NA,R,0
Food,1,Dartagnan,Male,2021-04-01T00:00:00Z,17,2-3,2,3,L,NA,NA,R,0
Food,1,Dartagnan,Male,2021-04-05T00:00:00Z,18,4-5,4,5,R,NA,NA,R,1
Food,1,Dartagnan,Male,2021-04-06T00:00:00Z,19,3-4,3,4,L,NA,NA,R,0
Food,1,Dartagnan,Male,2021-04-06T00:00:00Z,19,1-6,1,6,R,NA,NA,R,1
Food,1,Dartagnan,Male,2021-04-06T00:00:00Z,19,1-4,1,4,L,NA,NA,L,1
Food,1,Dartagnan,Male,2021-04-07T00:00:00Z,20,5-6,5,6,R,NA,NA,L,0
Food,1,Dartagnan,Male,2021-04-09T00:00:00Z,21,4-6,4,6,L,NA,NA,L,1
Food,1,Dartagnan,Male,2021-04-09T00:00:00Z,21,1-3,1,3,L,NA,NA,L,1
Food,1,Dartagnan,Male,2021-04-09T00:00:00Z,21,3-6,3,6,R,NA,NA,R,1
Food,1,Dartagnan,Male,2021-04-12T00:00:00Z,22,1-2,1,2,R,NA,NA,R,1
Food,1,Dartagnan,Male,2021-04-12T00:00:00Z,22,1-5,1,5,R,NA,NA,R,1
Food,1,Dartagnan,Male,2021-04-13T00:00:00Z,23,1-6,1,6,L,NA,NA,L,1
Food,1,Dartagnan,Male,2021-04-14T00:00:00Z,24,4-6,4,6,L,NA,NA,L,1
Food,1,Dartagnan,Male,2021-04-14T00:00:00Z,24,2-5,2,5,R,NA,NA,L,0
Food,1,Dartagnan,Male,2021-04-15T00:00:00Z,25,5-6,5,6,R,NA,NA,L,0
Food,1,Dartagnan,Male,2021-04-16T00:00:00Z,26,1-3,1,3,R,NA,NA,R,1
Food,1,Dartagnan,Male,2021-04-20T00:00:00Z,27,2-3,2,3,R,NA,NA,L,0
Food,1,Dartagnan,Male,2021-04-21T00:00:00Z,28,3-4,3,4,R,NA,NA,R,1
Food,1,Dartagnan,Male,2021-04-21T00:00:00Z,28,1-2,1,2,R,NA,NA,L,0
Food,1,Dartagnan,Male,2021-04-22T00:00:00Z,29,2-6,2,6,L,NA,NA,L,1
Food,1,Dartagnan,Male,2021-04-23T00:00:00Z,30,1-4,1,4,R,NA,NA,R,1
Food,1,Dartagnan,Male,2021-04-27T00:00:00Z,32,3-6,3,6,R,NA,NA,R,1
Food,1,Dartagnan,Male,2021-04-28T00:00:00Z,33,2-4,2,4,L,NA,NA,L,1
Food,1,Dartagnan,Male,2021-04-29T00:00:00Z,34,4-5,4,5,R,NA,NA,R,1
Food,1,Dartagnan,Male,2021-04-29T00:00:00Z,34,1-5,1,5,R,NA,NA,R,1
Food,1,Dartagnan,Male,2021-04-29T00:00:00Z,34,3-5,3,5,R,NA,NA,L,0
Food,1,Dartagnan,Male,2021-04-30T00:00:00Z,35,3-6,3,6,L,NA,NA,L,1
Food,1,Dartagnan,Male,2021-05-04T00:00:00Z,36,1-6,1,6,L,NA,NA,L,1
Food,1,Dartagnan,Male,2021-05-05T00:00:00Z,37,2-3,2,3,R,NA,NA,L,0
Food,1,Dartagnan,Male,2021-05-05T00:00:00Z,37,2-4,2,4,R,NA,NA,R,1
Food,1,Dartagnan,Male,2021-05-06T00:00:00Z,38,1-3,1,3,R,NA,NA,R,1
Food,1,Dartagnan,Male,2021-05-07T00:00:00Z,39,2-6,2,6,R,NA,NA,R,1
Food,1,Dartagnan,Male,2021-05-11T00:00:00Z,40,2-5,2,5,L,NA,NA,R,0
Food,1,Dartagnan,Male,2021-05-11T00:00:00Z,40,1-5,1,5,R,NA,NA,R,1
Food,1,Dartagnan,Male,2021-05-13T00:00:00Z,42,3-5,3,5,L,NA,NA,R,0
Food,1,Dartagnan,Male,2021-05-14T00:00:00Z,43,3-4,3,4,L,NA,NA,L,1
Food,1,Dartagnan,Male,2021-05-17T00:00:00Z,44,4-5,4,5,R,NA,NA,R,1
Food,1,Dartagnan,Male,2021-05-17T00:00:00Z,44,4-6,4,6,R,NA,NA,R,1
Food,1,Dartagnan,Male,2021-05-18T00:00:00Z,45,5-6,5,6,R,NA,NA,R,1
Food,1,Dartagnan,Male,2021-05-18T00:00:00Z,45,1-2,1,2,R,NA,NA,R,1
Food,1,Dartagnan,Male,2021-05-18T00:00:00Z,45,1-4,1,4,L,NA,NA,L,1
Food,1,Dartagnan,Male,2021-05-19T00:00:00Z,46,4-6,4,6,R,NA,NA,L,0
Food,1,Dartagnan,Male,2021-05-19T00:00:00Z,46,1-3,1,3,L,NA,NA,L,1
Food,1,Dartagnan,Male,2021-05-21T00:00:00Z,47,5-6,5,6,R,NA,NA,R,1
Food,1,Dartagnan,Male,2021-05-22T00:00:00Z,48,3-4,3,4,R,NA,NA,R,1
Food,1,Dartagnan,Male,2021-05-22T00:00:00Z,48,2-3,2,3,R,NA,NA,R,1
Food,1,Dartagnan,Male,2021-05-25T00:00:00Z,50,1-5,1,5,R,NA,NA,R,1
Food,1,Dartagnan,Male,2021-05-28T00:00:00Z,53,2-4,2,4,R,NA,NA,R,1
Food,1,Dartagnan,Male,2021-05-28T00:00:00Z,53,1-2,1,2,R,NA,NA,R,1
Food,1,Dartagnan,Male,2021-05-28T00:00:00Z,53,2-6,2,6,L,NA,NA,R,0
Food,1,Dartagnan,Male,2021-06-01T00:00:00Z,55,4-5,4,5,R,NA,NA,R,1
Food,1,Dartagnan,Male,2021-06-01T00:00:00Z,55,3-6,3,6,R,NA,NA,R,1
Food,1,Dartagnan,Male,2021-06-02T00:00:00Z,56,3-5,3,5,L,NA,NA,R,0
Food,1,Dartagnan,Male,2021-06-02T00:00:00Z,56,1-4,1,4,R,NA,NA,L,0
Food,1,Dartagnan,Male,2021-06-02T00:00:00Z,56,2-5,2,5,R,NA,NA,L,0
Food,1,Dartagnan,Male,2021-06-03T00:00:00Z,57,1-6,1,6,R,NA,NA,R,1
Food,1,Dartagnan,Male,2021-06-03T00:00:00Z,57,3-4,3,4,R,NA,NA,R,1
Food,1,Dartagnan,Male,2021-06-07T00:00:00Z,59,1-3,1,3,R,NA,NA,R,1
Food,1,Dartagnan,Male,2021-06-07T00:00:00Z,59,4-5,4,5,R,NA,NA,R,1
Food,1,Dartagnan,Male,2021-06-07T00:00:00Z,59,3-6,3,6,R,NA,NA,R,1
Food,1,Dartagnan,Male,2021-06-09T00:00:00Z,60,4-6,4,6,R,NA,NA,R,1
Food,1,Dartagnan,Male,2021-06-15T00:00:00Z,63,2-5,2,5,R,NA,NA,R,1
Food,1,Dartagnan,Male,2021-06-16T00:00:00Z,64,3-5,3,5,L,NA,NA,R,0
Food,1,Dartagnan,Male,2021-06-16T00:00:00Z,64,2-4,2,4,L,NA,NA,R,0
Food,1,Dartagnan,Male,2021-06-16T00:00:00Z,64,1-5,1,5,L,NA,NA,R,0
Food,1,Dartagnan,Male,2021-06-16T00:00:00Z,64,1-6,1,6,R,NA,NA,R,1
Food,1,Dartagnan,Male,2021-06-18T00:00:00Z,66,1-4,1,4,R,NA,NA,R,1
Food,1,Dartagnan,Male,2021-06-18T00:00:00Z,66,2-3,2,3,L,NA,NA,R,0
Food,1,Dartagnan,Male,2021-06-18T00:00:00Z,66,5-6,5,6,R,NA,NA,NA,NA
Food,1,Dartagnan,Male,2021-06-18T00:00:00Z,66,1-2,1,2,L,NA,NA,NA,NA
Food,1,Dartagnan,Male,2021-06-18T00:00:00Z,66,2-6,2,6,R,NA,NA,NA,NA
Food,1,Dartagnan,Male,2021-06-18T00:00:00Z,66,2-6,2,6,L,NA,NA,NA,NA
Food,1,Dartagnan,Male,2021-06-18T00:00:00Z,66,1-5,1,5,L,NA,NA,NA,NA
Food,1,Dartagnan,Male,2021-06-18T00:00:00Z,66,5-6,5,6,R,NA,NA,NA,NA
Food,1,Dartagnan,Male,2021-06-18T00:00:00Z,66,1-2,1,2,R,NA,NA,NA,NA
Food,1,Dartagnan,Male,2021-06-18T00:00:00Z,66,2-3,2,3,R,NA,NA,NA,NA
Food,1,Dartagnan,Male,2021-06-18T00:00:00Z,66,1-3,1,3,R,NA,NA,NA,NA
Food,1,Dartagnan,Male,2021-06-18T00:00:00Z,66,4-5,4,5,R,NA,NA,NA,NA
Food,1,Dartagnan,Male,2021-06-18T00:00:00Z,66,2-4,2,4,L,NA,NA,NA,NA
Food,1,Dartagnan,Male,2021-06-18T00:00:00Z,66,2-5,2,5,R,NA,NA,NA,NA
Food,1,Dartagnan,Male,2021-06-18T00:00:00Z,66,4-6,4,6,L,NA,NA,NA,NA
Food,1,Dartagnan,Male,2021-06-18T00:00:00Z,66,3-6,3,6,R,NA,NA,NA,NA
Food,1,Dartagnan,Male,2021-06-18T00:00:00Z,66,3-5,3,5,R,NA,NA,NA,NA
Food,1,Dartagnan,Male,2021-06-18T00:00:00Z,66,1-4,1,4,L,NA,NA,NA,NA
Food,1,Dartagnan,Male,2021-06-18T00:00:00Z,66,3-4,3,4,L,NA,NA,NA,NA
Food,1,Dartagnan,Male,2021-06-18T00:00:00Z,66,1-6,1,6,L,NA,NA,NA,NA
Food,1,Dartagnan,Male,2021-06-18T00:00:00Z,66,3-6,3,6,L,NA,NA,NA,NA
Food,1,Dartagnan,Male,2021-06-18T00:00:00Z,66,3-5,3,5,L,NA,NA,NA,NA
Food,1,Dartagnan,Male,2021-06-18T00:00:00Z,66,4-5,4,5,L,NA,NA,NA,NA
Food,1,Dartagnan,Male,2021-06-18T00:00:00Z,66,1-5,1,5,L,NA,NA,NA,NA
Food,1,Dartagnan,Male,2021-06-18T00:00:00Z,66,1-4,1,4,L,NA,NA,NA,NA
Food,1,Dartagnan,Male,2021-06-18T00:00:00Z,66,1-3,1,3,L,NA,NA,NA,NA
Food,1,Dartagnan,Male,2021-06-18T00:00:00Z,66,5-6,5,6,R,NA,NA,NA,NA
Food,1,Dartagnan,Male,2021-06-18T00:00:00Z,66,2-5,2,5,L,NA,NA,NA,NA
Food,1,Dartagnan,Male,2021-06-18T00:00:00Z,66,1-2,1,2,R,NA,NA,NA,NA
Food,1,Dartagnan,Male,2021-06-18T00:00:00Z,66,2-4,2,4,R,NA,NA,NA,NA
Food,1,Dartagnan,Male,2021-06-18T00:00:00Z,66,4-6,4,6,R,NA,NA,NA,NA
Food,1,Dartagnan,Male,2021-06-18T00:00:00Z,66,2-3,2,3,L,NA,NA,NA,NA
Food,1,Dartagnan,Male,2021-06-18T00:00:00Z,66,3-4,3,4,L,NA,NA,NA,NA
Food,1,Dartagnan,Male,2021-06-18T00:00:00Z,66,2-6,2,6,R,NA,NA,NA,NA
Food,1,Dartagnan,Male,2021-06-18T00:00:00Z,66,1-6,1,6,R,NA,NA,NA,NA
Food,1,Dartagnan,Male,2021-06-18T00:00:00Z,66,2-5,2,5,L,NA,NA,NA,NA
Food,1,Dartagnan,Male,2021-06-18T00:00:00Z,66,2-3,2,3,R,NA,NA,NA,NA
Food,1,Dartagnan,Male,2021-06-18T00:00:00Z,66,3-6,3,6,L,NA,NA,NA,NA
Food,1,Dartagnan,Male,2021-06-18T00:00:00Z,66,1-5,1,5,L,NA,NA,NA,NA
Food,1,Dartagnan,Male,2021-06-18T00:00:00Z,66,2-6,2,6,L,NA,NA,NA,NA
Food,1,Dartagnan,Male,2021-06-18T00:00:00Z,66,4-5,4,5,L,NA,NA,NA,NA
Food,1,Dartagnan,Male,2021-06-18T00:00:00Z,66,2-4,2,4,L,NA,NA,NA,NA
Food,1,Dartagnan,Male,2021-06-18T00:00:00Z,66,3-5,3,5,R,NA,NA,NA,NA
Food,1,Dartagnan,Male,2021-06-18T00:00:00Z,66,4-6,4,6,R,NA,NA,NA,NA
Food,1,Dartagnan,Male,2021-06-18T00:00:00Z,66,5-6,5,6,R,NA,NA,NA,NA
Food,1,Dartagnan,Male,2021-06-18T00:00:00Z,66,1-2,1,2,R,NA,NA,NA,NA
Food,1,Dartagnan,Male,2021-06-18T00:00:00Z,66,1-3,1,3,L,NA,NA,NA,NA
Food,1,Dartagnan,Male,2021-06-18T00:00:00Z,66,3-4,3,4,L,NA,NA,NA,NA
Food,1,Dartagnan,Male,2021-06-18T00:00:00Z,66,1-6,1,6,R,NA,NA,NA,NA
Food,1,Dartagnan,Male,2021-06-18T00:00:00Z,66,1-4,1,4,R,NA,NA,NA,NA
Food,2,Basil,Male,2021-10-21T00:00:00Z,1,2-5,2,5,L,NA,NA,L,1
Food,2,Basil,Male,2021-10-21T00:00:00Z,1,2-4,2,4,L,NA,NA,L,1
Food,2,Basil,Male,2021-10-21T00:00:00Z,1,1-4,1,4,L,NA,NA,L,1
Food,2,Basil,Male,2021-10-21T00:00:00Z,1,3-4,3,4,R,NA,NA,L,0
Food,2,Basil,Male,2021-10-22T00:00:00Z,2,1-2,1,2,R,NA,NA,L,0
Food,2,Basil,Male,2021-10-22T00:00:00Z,2,1-6,1,6,L,NA,NA,L,1
Food,2,Basil,Male,2021-10-22T00:00:00Z,2,2-3,2,3,R,NA,NA,L,0
Food,2,Basil,Male,2021-10-22T00:00:00Z,2,1-3,1,3,L,NA,NA,L,1
Food,2,Basil,Male,2021-10-22T00:00:00Z,2,3-6,3,6,L,NA,NA,L,1
Food,2,Basil,Male,2021-10-24T00:00:00Z,3,3-5,3,5,L,NA,NA,L,1
Food,2,Basil,Male,2021-10-24T00:00:00Z,3,4-6,4,6,L,NA,NA,L,1
Food,2,Basil,Male,2021-10-26T00:00:00Z,4,4-5,4,5,L,NA,NA,L,1
Food,2,Basil,Male,2021-10-26T00:00:00Z,4,2-6,2,6,R,NA,NA,L,0
Food,2,Basil,Male,2021-10-26T00:00:00Z,4,5-6,5,6,R,NA,NA,R,1
Food,2,Basil,Male,2021-10-26T00:00:00Z,4,1-5,1,5,R,NA,NA,L,0
Food,2,Basil,Male,2021-10-26T00:00:00Z,4,1-3,1,3,R,NA,NA,R,1
Food,2,Basil,Male,2021-10-27T00:00:00Z,5,1-5,1,5,R,NA,NA,R,1
Food,2,Basil,Male,2021-10-27T00:00:00Z,5,2-5,2,5,R,NA,NA,L,0
Food,2,Basil,Male,2021-10-27T00:00:00Z,5,3-6,3,6,L,NA,NA,L,1
Food,2,Basil,Male,2021-10-27T00:00:00Z,5,4-5,4,5,R,NA,NA,R,1
Food,2,Basil,Male,2021-10-28T00:00:00Z,6,3-4,3,4,R,NA,NA,L,0
Food,2,Basil,Male,2021-10-28T00:00:00Z,6,1-4,1,4,R,NA,NA,L,0
Food,2,Basil,Male,2021-10-28T00:00:00Z,6,5-6,5,6,L,NA,NA,L,1
Food,2,Basil,Male,2021-10-28T00:00:00Z,6,4-6,4,6,R,NA,NA,L,0
Food,2,Basil,Male,2021-10-28T00:00:00Z,6,2-3,2,3,R,NA,NA,L,0
Food,2,Basil,Male,2021-10-29T00:00:00Z,7,1-2,1,2,R,NA,NA,L,0
Food,2,Basil,Male,2021-10-29T00:00:00Z,7,2-6,2,6,L,NA,NA,L,1
Food,2,Basil,Male,2021-10-29T00:00:00Z,7,1-6,1,6,L,NA,NA,L,1
Food,2,Basil,Male,2021-10-29T00:00:00Z,7,2-4,2,4,L,NA,NA,L,1
Food,2,Basil,Male,2021-10-31T00:00:00Z,8,3-5,3,5,R,NA,NA,L,0
Food,2,Basil,Male,2021-10-31T00:00:00Z,8,1-2,1,2,L,NA,NA,L,1
Food,2,Basil,Male,2021-10-31T00:00:00Z,8,2-5,2,5,R,NA,NA,L,0
Food,2,Basil,Male,2021-10-31T00:00:00Z,8,2-4,2,4,L,NA,NA,L,1
Food,2,Basil,Male,2021-10-31T00:00:00Z,8,3-5,3,5,L,NA,NA,L,1
Food,2,Basil,Male,2021-11-01T00:00:00Z,8,1-3,1,3,L,NA,NA,NA,NA
Food,2,Basil,Male,2021-11-02T00:00:00Z,9,2-6,2,6,R,NA,NA,L,0
Food,2,Basil,Male,2021-11-02T00:00:00Z,9,5-6,5,6,R,NA,NA,L,0
Food,2,Basil,Male,2021-11-02T00:00:00Z,9,1-6,1,6,L,NA,NA,L,1
Food,2,Basil,Male,2021-11-02T00:00:00Z,9,4-5,4,5,R,NA,NA,L,0
Food,2,Basil,Male,2021-11-02T00:00:00Z,9,1-4,1,4,R,NA,NA,L,0
Food,2,Basil,Male,2021-11-03T00:00:00Z,10,3-6,3,6,L,NA,NA,L,1
Food,2,Basil,Male,2021-11-03T00:00:00Z,10,2-3,2,3,L,NA,NA,L,1
Food,2,Basil,Male,2021-11-03T00:00:00Z,10,1-5,1,5,R,NA,NA,L,0
Food,2,Basil,Male,2021-11-03T00:00:00Z,10,3-4,3,4,L,NA,NA,L,1
Food,2,Basil,Male,2021-11-05T00:00:00Z,11,4-6,4,6,R,NA,NA,L,0
Food,2,Basil,Male,2021-11-05T00:00:00Z,11,1-6,1,6,R,NA,NA,L,0
Food,2,Basil,Male,2021-11-05T00:00:00Z,11,3-4,3,4,L,NA,NA,L,1
Food,2,Basil,Male,2021-11-05T00:00:00Z,11,1-2,1,2,R,NA,NA,L,0
Food,2,Basil,Male,2021-11-06T00:00:00Z,12,1-5,1,5,R,NA,NA,L,0
Food,2,Basil,Male,2021-11-06T00:00:00Z,12,2-4,2,4,R,NA,NA,L,0
Food,2,Basil,Male,2021-11-06T00:00:00Z,12,3-5,3,5,L,NA,NA,L,1
Food,2,Basil,Male,2021-11-07T00:00:00Z,13,5-6,5,6,L,NA,NA,L,1
Food,2,Basil,Male,2021-11-07T00:00:00Z,13,4-6,4,6,R,NA,NA,L,0
Food,2,Basil,Male,2021-11-07T00:00:00Z,13,3-6,3,6,R,NA,NA,L,0
Food,2,Basil,Male,2021-11-07T00:00:00Z,13,4-5,4,5,L,NA,NA,L,1
Food,2,Basil,Male,2021-11-07T00:00:00Z,13,1-3,1,3,R,NA,NA,L,0
Food,2,Basil,Male,2021-11-10T00:00:00Z,14,2-5,2,5,R,NA,NA,L,0
Food,2,Basil,Male,2021-11-12T00:00:00Z,15,2-6,2,6,R,NA,NA,L,0
Food,2,Basil,Male,2021-11-12T00:00:00Z,15,1-4,1,4,L,NA,NA,L,1
Food,2,Basil,Male,2021-11-12T00:00:00Z,15,2-3,2,3,L,NA,NA,L,1
Food,2,Basil,Male,2021-11-16T00:00:00Z,16,1-5,1,5,R,NA,NA,L,0
Food,2,Basil,Male,2021-11-16T00:00:00Z,16,2-4,2,4,L,NA,NA,L,1
Food,2,Basil,Male,2021-11-16T00:00:00Z,16,3-4,3,4,R,NA,NA,L,0
Food,2,Basil,Male,2021-11-16T00:00:00Z,16,1-2,1,2,R,NA,NA,L,0
Food,2,Basil,Male,2021-11-16T00:00:00Z,16,1-3,1,3,R,NA,NA,L,0
Food,2,Basil,Male,2021-11-17T00:00:00Z,17,3-6,3,6,L,NA,NA,L,1
Food,2,Basil,Male,2021-11-17T00:00:00Z,17,4-6,4,6,L,NA,NA,L,1
Food,2,Basil,Male,2021-11-17T00:00:00Z,17,2-3,2,3,R,NA,NA,L,0
Food,2,Basil,Male,2021-11-18T00:00:00Z,18,1-4,1,4,R,NA,NA,L,0
Food,2,Basil,Male,2021-11-18T00:00:00Z,18,5-6,5,6,L,NA,NA,L,1
Food,2,Basil,Male,2021-11-18T00:00:00Z,18,2-6,2,6,L,NA,NA,L,1
Food,2,Basil,Male,2021-11-18T00:00:00Z,18,3-5,3,5,R,NA,NA,L,0
Food,2,Basil,Male,2021-11-18T00:00:00Z,18,2-5,2,5,L,NA,NA,L,1
Food,2,Basil,Male,2021-11-19T00:00:00Z,19,4-5,4,5,L,NA,NA,L,1
Food,2,Basil,Male,2021-11-19T00:00:00Z,19,1-6,1,6,R,NA,NA,L,0
Food,2,Basil,Male,2021-11-19T00:00:00Z,19,5-6,5,6,L,NA,NA,L,1
Food,2,Basil,Male,2021-11-19T00:00:00Z,19,1-6,1,6,L,NA,NA,L,1
Food,2,Basil,Male,2021-11-23T00:00:00Z,20,1-3,1,3,L,NA,NA,L,1
Food,2,Basil,Male,2021-11-23T00:00:00Z,20,2-5,2,5,R,NA,NA,L,0
Food,2,Basil,Male,2021-11-23T00:00:00Z,20,2-6,2,6,R,NA,NA,L,0
Food,2,Basil,Male,2021-11-23T00:00:00Z,20,1-5,1,5,L,NA,NA,L,1
Food,2,Basil,Male,2021-11-23T00:00:00Z,20,3-4,3,4,L,NA,NA,L,1
Food,2,Basil,Male,2021-11-24T00:00:00Z,21,1-2,1,2,R,NA,NA,L,0
Food,2,Basil,Male,2021-11-24T00:00:00Z,21,2-4,2,4,L,NA,NA,L,1
Food,2,Basil,Male,2021-11-30T00:00:00Z,22,1-4,1,4,L,NA,NA,L,1
Food,2,Basil,Male,2021-11-30T00:00:00Z,22,3-5,3,5,L,NA,NA,L,1
Food,2,Basil,Male,2021-11-30T00:00:00Z,22,2-3,2,3,R,NA,NA,L,0
Food,2,Basil,Male,2021-11-30T00:00:00Z,22,4-6,4,6,L,NA,NA,L,1
Food,2,Basil,Male,2021-11-30T00:00:00Z,22,3-6,3,6,L,NA,NA,L,1
Food,2,Basil,Male,2021-12-01T00:00:00Z,23,4-5,4,5,R,NA,NA,L,0
Food,2,Basil,Male,2021-12-02T00:00:00Z,24,3-4,3,4,R,NA,NA,L,0
Food,2,Basil,Male,2021-12-03T00:00:00Z,25,2-5,2,5,R,NA,NA,L,0
Food,2,Basil,Male,2021-12-03T00:00:00Z,25,1-5,1,5,L,NA,NA,L,1
Food,2,Basil,Male,2021-12-03T00:00:00Z,25,3-5,3,5,R,NA,NA,L,0
Food,2,Basil,Male,2021-12-03T00:00:00Z,25,5-6,5,6,R,NA,NA,L,0
Food,2,Basil,Male,2021-12-07T00:00:00Z,26,2-4,2,4,R,NA,NA,L,0
Food,2,Basil,Male,2021-12-07T00:00:00Z,26,1-6,1,6,L,NA,NA,L,1
Food,2,Basil,Male,2021-12-07T00:00:00Z,26,1-4,1,4,R,NA,NA,L,0
Food,2,Basil,Male,2021-12-07T00:00:00Z,26,4-5,4,5,R,NA,NA,L,0
Food,2,Basil,Male,2021-12-07T00:00:00Z,26,1-2,1,2,R,NA,NA,L,0
Food,2,Basil,Male,2021-12-08T00:00:00Z,27,2-6,2,6,L,NA,NA,L,1
Food,2,Basil,Male,2021-12-08T00:00:00Z,27,4-6,4,6,L,NA,NA,L,1
Food,2,Basil,Male,2021-12-08T00:00:00Z,27,2-3,2,3,L,NA,NA,L,1
Food,2,Basil,Male,2021-12-08T00:00:00Z,27,1-3,1,3,R,NA,NA,R,1
Food,2,Basil,Male,2021-12-09T00:00:00Z,28,3-6,3,6,R,NA,NA,L,0
Food,2,Basil,Male,2021-12-09T00:00:00Z,28,1-5,1,5,L,NA,NA,L,1
Food,2,Basil,Male,2021-12-09T00:00:00Z,28,2-6,2,6,R,NA,NA,L,0
Food,2,Basil,Male,2021-12-09T00:00:00Z,28,1-4,1,4,R,NA,NA,L,0
Food,2,Basil,Male,2021-12-09T00:00:00Z,28,2-4,2,4,L,NA,NA,L,1
Food,2,Basil,Male,2021-12-10T00:00:00Z,29,3-4,3,4,L,NA,NA,L,1
Food,2,Basil,Male,2021-12-10T00:00:00Z,29,1-3,1,3,L,NA,NA,L,1
Food,2,Basil,Male,2021-12-10T00:00:00Z,29,3-5,3,5,R,NA,NA,L,0
Food,2,Basil,Male,2021-12-10T00:00:00Z,29,1-2,1,2,R,NA,NA,L,0
Food,2,Basil,Male,2021-12-10T00:00:00Z,29,4-6,4,6,L,NA,NA,L,1
Food,2,Basil,Male,2021-12-11T00:00:00Z,30,1-6,1,6,L,NA,NA,L,1
Food,2,Basil,Male,2021-12-11T00:00:00Z,30,2-3,2,3,L,NA,NA,L,1
Food,2,Basil,Male,2021-12-11T00:00:00Z,30,4-5,4,5,R,NA,NA,L,0
Food,2,Basil,Male,2021-12-11T00:00:00Z,30,2-5,2,5,R,NA,NA,L,0
Food,2,Basil,Male,2021-12-11T00:00:00Z,30,3-6,3,6,L,NA,NA,L,1
Food,2,Basil,Male,2021-12-15T00:00:00Z,31,5-6,5,6,L,NA,NA,L,1
Food,2,Basil,Male,2021-12-15T00:00:00Z,31,2-6,2,6,L,NA,NA,L,1
Food,2,Basil,Male,2021-12-15T00:00:00Z,31,3-4,3,4,L,NA,NA,L,1
Food,2,Basil,Male,2021-12-17T00:00:00Z,32,1-2,1,2,L,NA,NA,L,1
Food,2,Basil,Male,2021-12-17T00:00:00Z,32,1-3,1,3,L,NA,NA,L,1
Food,2,Basil,Male,2021-12-17T00:00:00Z,32,2-3,2,3,R,NA,NA,L,0
Food,2,Basil,Male,2021-12-17T00:00:00Z,32,4-6,4,6,R,NA,NA,L,0
Food,2,Basil,Male,2021-12-17T00:00:00Z,32,2-4,2,4,L,NA,NA,L,1
Food,2,Basil,Male,2021-12-17T00:00:00Z,32,2-5,2,5,R,NA,NA,L,0
Food,2,Basil,Male,2021-12-21T00:00:00Z,33,1-5,1,5,L,NA,NA,L,1
Food,2,Basil,Male,2021-12-21T00:00:00Z,33,5-6,5,6,R,NA,NA,L,0
Food,2,Basil,Male,2021-12-21T00:00:00Z,33,1-6,1,6,L,NA,NA,L,1
Food,2,Basil,Male,2021-12-22T00:00:00Z,34,4-5,4,5,R,NA,NA,L,0
Food,2,Basil,Male,2021-12-22T00:00:00Z,34,3-5,3,5,L,NA,NA,L,1
Food,2,Basil,Male,2021-12-22T00:00:00Z,34,1-4,1,4,R,NA,NA,L,0
Food,2,Basil,Male,2021-12-22T00:00:00Z,34,3-6,3,6,R,NA,NA,R,1
Food,2,Basil,Male,2022-02-02T00:00:00Z,35,1-4,1,4,L,NA,NA,L,1
Food,2,Basil,Male,2022-02-04T00:00:00Z,36,1-6,1,6,L,NA,NA,L,1
Food,2,Basil,Male,2022-02-04T00:00:00Z,36,3-6,3,6,L,NA,NA,L,1
Food,2,Basil,Male,2022-02-04T00:00:00Z,36,2-4,2,4,R,NA,NA,L,0
Food,2,Basil,Male,2022-02-04T00:00:00Z,36,3-5,3,5,L,NA,NA,L,1
Food,2,Basil,Male,2022-02-04T00:00:00Z,36,1-3,1,3,L,NA,NA,L,1
Food,2,Basil,Male,2022-02-04T00:00:00Z,36,2-5,2,5,L,NA,NA,L,1
Food,2,Basil,Male,2022-02-04T00:00:00Z,36,2-6,2,6,R,NA,NA,L,0
Food,2,Basil,Male,2022-02-04T00:00:00Z,36,4-5,4,5,L,NA,NA,L,1
Food,2,Basil,Male,2022-02-07T00:00:00Z,37,1-2,1,2,L,NA,NA,L,1
Food,2,Basil,Male,2022-02-07T00:00:00Z,37,2-3,2,3,R,NA,NA,L,0
Food,2,Basil,Male,2022-02-07T00:00:00Z,37,1-5,1,5,L,NA,NA,L,1
Food,2,Basil,Male,2022-02-07T00:00:00Z,37,4-6,4,6,R,NA,NA,L,0
Food,2,Basil,Male,2022-02-07T00:00:00Z,37,5-6,5,6,L,NA,NA,L,1
Food,2,Basil,Male,2022-02-07T00:00:00Z,37,3-4,3,4,R,NA,NA,L,0
Food,2,Dill,Male,2021-10-21T00:00:00Z,1,2-5,2,5,L,NA,NA,L,1
Food,2,Dill,Male,2021-10-21T00:00:00Z,1,2-4,2,4,R,NA,NA,R,1
Food,2,Dill,Male,2021-10-22T00:00:00Z,2,3-6,3,6,L,NA,NA,R,0
Food,2,Dill,Male,2021-10-22T00:00:00Z,2,1-2,1,2,R,NA,NA,R,1
Food,2,Dill,Male,2021-10-22T00:00:00Z,2,2-3,2,3,R,NA,NA,R,1
Food,2,Dill,Male,2021-10-22T00:00:00Z,2,1-6,1,6,R,NA,NA,R,1
Food,2,Dill,Male,2021-10-24T00:00:00Z,3,5-6,5,6,R,NA,NA,R,1
Food,2,Dill,Male,2021-10-24T00:00:00Z,3,4-6,4,6,L,NA,NA,R,0
Food,2,Dill,Male,2021-10-24T00:00:00Z,3,3-5,3,5,L,NA,NA,R,0
Food,2,Dill,Male,2021-10-24T00:00:00Z,3,4-5,4,5,L,NA,NA,L,1
Food,2,Dill,Male,2021-10-26T00:00:00Z,4,2-6,2,6,R,NA,NA,R,1
Food,2,Dill,Male,2021-10-26T00:00:00Z,4,1-5,1,5,L,NA,NA,L,1
Food,2,Dill,Male,2021-10-27T00:00:00Z,5,1-4,1,4,L,NA,NA,R,0
Food,2,Dill,Male,2021-10-27T00:00:00Z,5,3-4,3,4,R,NA,NA,R,1
Food,2,Dill,Male,2021-10-28T00:00:00Z,6,1-3,1,3,L,NA,NA,L,1
Food,2,Dill,Male,2021-10-28T00:00:00Z,6,4-5,4,5,L,NA,NA,R,0
Food,2,Dill,Male,2021-10-28T00:00:00Z,6,1-4,1,4,L,NA,NA,L,1
Food,2,Dill,Male,2021-10-28T00:00:00Z,6,2-3,2,3,R,NA,NA,R,1
Food,2,Dill,Male,2021-10-28T00:00:00Z,6,1-3,1,3,L,NA,NA,L,1
Food,2,Dill,Male,2021-10-29T00:00:00Z,7,5-6,5,6,R,NA,NA,R,1
Food,2,Dill,Male,2021-10-29T00:00:00Z,7,2-4,2,4,L,NA,NA,R,0
Food,2,Dill,Male,2021-10-29T00:00:00Z,7,1-6,1,6,L,NA,NA,L,1
Food,2,Dill,Male,2021-11-02T00:00:00Z,8,4-6,4,6,R,NA,NA,R,1
Food,2,Dill,Male,2021-11-02T00:00:00Z,8,1-5,1,5,L,NA,NA,R,0
Food,2,Dill,Male,2021-11-02T00:00:00Z,8,3-5,3,5,R,NA,NA,R,1
Food,2,Dill,Male,2021-11-03T00:00:00Z,9,1-2,1,2,L,NA,NA,R,0
Food,2,Dill,Male,2021-11-03T00:00:00Z,9,2-5,2,5,L,NA,NA,R,0
Food,2,Dill,Male,2021-11-05T00:00:00Z,10,2-6,2,6,L,NA,NA,L,1
Food,2,Dill,Male,2021-11-06T00:00:00Z,11,3-4,3,4,R,NA,NA,NA,NA
Food,2,Dill,Male,2021-11-06T00:00:00Z,11,3-6,3,6,R,NA,NA,R,1
Food,2,Dill,Male,2021-11-06T00:00:00Z,11,2-5,2,5,R,NA,NA,R,1
Food,2,Dill,Male,2021-11-06T00:00:00Z,11,2-6,2,6,L,NA,NA,L,1
Food,2,Dill,Male,2021-11-07T00:00:00Z,12,1-2,1,2,L,NA,NA,R,0
Food,2,Dill,Male,2021-11-07T00:00:00Z,12,1-3,1,3,R,NA,NA,R,1
Food,2,Dill,Male,2021-11-07T00:00:00Z,12,1-4,1,4,L,NA,NA,R,0
Food,2,Dill,Male,2021-11-07T00:00:00Z,12,2-3,2,3,L,NA,NA,R,0
Food,2,Dill,Male,2021-11-07T00:00:00Z,12,1-5,1,5,L,NA,NA,L,1
Food,2,Dill,Male,2021-11-09T00:00:00Z,13,1-6,1,6,L,NA,NA,R,0
Food,2,Dill,Male,2021-11-09T00:00:00Z,13,4-5,4,5,R,NA,NA,R,1
Food,2,Dill,Male,2021-11-09T00:00:00Z,13,3-4,3,4,L,NA,NA,R,0
Food,2,Dill,Male,2021-11-10T00:00:00Z,14,4-6,4,6,L,NA,NA,R,0
Food,2,Dill,Male,2021-11-10T00:00:00Z,14,5-6,5,6,R,NA,NA,L,0
Food,2,Dill,Male,2021-11-11T00:00:00Z,15,2-4,2,4,R,NA,NA,R,1
Food,2,Dill,Male,2021-11-11T00:00:00Z,15,3-6,3,6,R,NA,NA,R,1
Food,2,Dill,Male,2021-11-11T00:00:00Z,15,3-5,3,5,L,NA,NA,L,1
Food,2,Dill,Male,2021-11-12T00:00:00Z,16,3-4,3,4,L,NA,NA,L,1
Food,2,Dill,Male,2021-11-14T00:00:00Z,17,5-6,5,6,R,NA,NA,L,0
Food,2,Dill,Male,2021-11-14T00:00:00Z,17,4-6,4,6,R,NA,NA,R,1
Food,2,Dill,Male,2021-11-16T00:00:00Z,18,3-5,3,5,L,NA,NA,R,0
Food,2,Dill,Male,2021-11-16T00:00:00Z,18,2-5,2,5,L,NA,NA,R,0
Food,2,Dill,Male,2021-11-16T00:00:00Z,18,1-4,1,4,L,NA,NA,L,1
Food,2,Dill,Male,2021-11-17T00:00:00Z,19,4-5,4,5,R,NA,NA,L,0
Food,2,Dill,Male,2021-11-17T00:00:00Z,19,2-6,2,6,R,NA,NA,R,1
Food,2,Dill,Male,2021-11-18T00:00:00Z,20,1-2,1,2,R,NA,NA,R,1
Food,2,Dill,Male,2021-11-18T00:00:00Z,20,1-6,1,6,L,NA,NA,L,1
Food,2,Dill,Male,2021-11-18T00:00:00Z,20,2-4,2,4,L,NA,NA,L,1
Food,2,Dill,Male,2021-11-18T00:00:00Z,20,3-6,3,6,R,NA,NA,R,1
Food,2,Dill,Male,2021-11-19T00:00:00Z,21,1-3,1,3,L,NA,NA,L,1
Food,2,Dill,Male,2021-11-19T00:00:00Z,21,2-3,2,3,R,NA,NA,L,0
Food,2,Dill,Male,2021-11-19T00:00:00Z,21,1-5,1,5,R,NA,NA,R,1
Food,2,Dill,Male,2021-11-19T00:00:00Z,21,2-5,2,5,R,NA,NA,R,1
Food,2,Dill,Male,2021-11-23T00:00:00Z,22,1-3,1,3,L,NA,NA,L,1
Food,2,Dill,Male,2021-11-23T00:00:00Z,22,3-6,3,6,R,NA,NA,R,1
Food,2,Dill,Male,2021-11-23T00:00:00Z,22,4-5,4,5,L,NA,NA,R,0
Food,2,Dill,Male,2021-11-23T00:00:00Z,22,5-6,5,6,L,NA,NA,L,1
Food,2,Dill,Male,2021-11-24T00:00:00Z,23,1-2,1,2,R,NA,NA,R,1
Food,2,Dill,Male,2021-11-24T00:00:00Z,23,3-4,3,4,R,NA,NA,R,1
Food,2,Dill,Male,2021-11-24T00:00:00Z,23,1-5,1,5,L,NA,NA,R,0
Food,2,Dill,Male,2021-11-30T00:00:00Z,24,2-3,2,3,R,NA,NA,R,1
Food,2,Dill,Male,2021-11-30T00:00:00Z,24,3-5,3,5,L,NA,NA,L,1
Food,2,Dill,Male,2021-11-30T00:00:00Z,24,1-4,1,4,R,NA,NA,L,0
Food,2,Dill,Male,2021-11-30T00:00:00Z,24,2-4,2,4,L,NA,NA,L,1
Food,2,Dill,Male,2021-12-01T00:00:00Z,25,1-6,1,6,R,NA,NA,R,1
Food,2,Dill,Male,2021-12-02T00:00:00Z,26,4-6,4,6,L,NA,NA,R,0
Food,2,Dill,Male,2021-12-03T00:00:00Z,27,2-6,2,6,L,NA,NA,L,1
Food,2,Dill,Male,2021-12-03T00:00:00Z,27,4-6,4,6,R,NA,NA,R,1
Food,2,Dill,Male,2021-12-05T00:00:00Z,28,1-5,1,5,L,NA,NA,L,1
Food,2,Dill,Male,2021-12-05T00:00:00Z,28,3-6,3,6,R,NA,NA,L,0
Food,2,Dill,Male,2021-12-05T00:00:00Z,28,3-4,3,4,R,NA,NA,R,1
Food,2,Dill,Male,2021-12-07T00:00:00Z,29,3-5,3,5,R,NA,NA,L,0
Food,2,Dill,Male,2021-12-07T00:00:00Z,29,2-3,2,3,L,NA,NA,R,0
Food,2,Dill,Male,2021-12-08T00:00:00Z,30,5-6,5,6,L,NA,NA,L,1
Food,2,Dill,Male,2021-12-08T00:00:00Z,30,2-5,2,5,R,NA,NA,R,1
Food,2,Dill,Male,2021-12-09T00:00:00Z,31,4-5,4,5,R,NA,NA,L,0
Food,2,Dill,Male,2021-12-09T00:00:00Z,31,2-6,2,6,R,NA,NA,L,0
Food,2,Dill,Male,2021-12-10T00:00:00Z,32,2-4,2,4,R,NA,NA,R,1
Food,2,Dill,Male,2021-12-10T00:00:00Z,32,1-4,1,4,R,NA,NA,R,1
Food,2,Dill,Male,2021-12-10T00:00:00Z,32,1-2,1,2,L,NA,NA,L,1
Food,2,Dill,Male,2021-12-11T00:00:00Z,33,1-3,1,3,L,NA,NA,L,1
Food,2,Dill,Male,2021-12-11T00:00:00Z,33,1-6,1,6,R,NA,NA,R,1
Food,2,Dill,Male,2021-12-11T00:00:00Z,33,2-6,2,6,L,NA,NA,L,1
Food,2,Dill,Male,2021-12-12T00:00:00Z,34,2-5,2,5,L,NA,NA,L,1
Food,2,Dill,Male,2021-12-12T00:00:00Z,34,3-6,3,6,L,NA,NA,L,1
Food,2,Dill,Male,2021-12-12T00:00:00Z,34,1-2,1,2,R,NA,NA,L,0
Food,2,Dill,Male,2021-12-12T00:00:00Z,34,5-6,5,6,L,NA,NA,L,1
Food,2,Dill,Male,2021-12-12T00:00:00Z,34,4-5,4,5,R,NA,NA,L,0
Food,2,Dill,Male,2021-12-15T00:00:00Z,35,3-5,3,5,R,NA,NA,L,0
Food,2,Dill,Male,2021-12-17T00:00:00Z,36,4-6,4,6,R,NA,NA,L,0
Food,2,Dill,Male,2021-12-17T00:00:00Z,36,1-4,1,4,L,NA,NA,L,1
Food,2,Dill,Male,2021-12-17T00:00:00Z,36,2-3,2,3,L,NA,NA,R,0
Food,2,Dill,Male,2021-12-21T00:00:00Z,37,2-4,2,4,R,NA,NA,L,0
Food,2,Dill,Male,2021-12-21T00:00:00Z,37,1-3,1,3,R,NA,NA,L,0
Food,2,Dill,Male,2021-12-21T00:00:00Z,37,3-4,3,4,L,NA,NA,L,1
Food,2,Dill,Male,2021-12-21T00:00:00Z,37,1-6,1,6,L,NA,NA,L,1
Food,2,Dill,Male,2021-12-22T00:00:00Z,38,1-5,1,5,R,NA,NA,R,1
Food,2,Dill,Male,2021-12-22T00:00:00Z,38,2-5,2,5,R,NA,NA,R,1
Food,2,Dill,Male,2021-12-23T00:00:00Z,39,2-4,2,4,L,NA,NA,L,1
Food,2,Dill,Male,2021-12-23T00:00:00Z,39,1-3,1,3,R,NA,NA,R,1
Food,2,Dill,Male,2022-01-24T00:00:00Z,40,5-6,5,6,R,NA,NA,L,0
Food,2,Dill,Male,2022-01-24T00:00:00Z,40,2-3,2,3,R,NA,NA,L,0
Food,2,Dill,Male,2022-01-24T00:00:00Z,40,3-6,3,6,L,NA,NA,L,1
Food,2,Dill,Male,2022-01-25T00:00:00Z,41,4-5,4,5,L,NA,NA,L,1
Food,2,Dill,Male,2022-01-25T00:00:00Z,41,3-4,3,4,L,NA,NA,L,1
Food,2,Dill,Male,2022-01-25T00:00:00Z,41,1-5,1,5,R,NA,NA,L,0
Food,2,Dill,Male,2022-01-25T00:00:00Z,41,1-4,1,4,L,NA,NA,L,1
Food,2,Dill,Male,2022-01-25T00:00:00Z,41,3-5,3,5,R,NA,NA,L,0
Food,2,Dill,Male,2022-01-26T00:00:00Z,42,1-2,1,2,L,NA,NA,L,1
Food,2,Dill,Male,2022-01-26T00:00:00Z,42,4-6,4,6,L,NA,NA,L,1
Food,2,Dill,Male,2022-01-31T00:00:00Z,43,1-6,1,6,R,NA,NA,R,1
Food,2,Dill,Male,2022-01-31T00:00:00Z,43,2-6,2,6,R,NA,NA,R,1
Food,2,Dill,Male,2022-01-31T00:00:00Z,43,2-4,2,4,R,NA,NA,R,1
Food,2,Dill,Male,2022-02-01T00:00:00Z,44,2-5,2,5,L,NA,NA,L,1
Food,2,Dill,Male,2022-02-01T00:00:00Z,44,1-2,1,2,L,NA,NA,L,1
Food,2,Dill,Male,2022-02-02T00:00:00Z,45,1-6,1,6,R,NA,NA,R,1
Food,2,Dill,Male,2022-02-04T00:00:00Z,46,5-6,5,6,L,NA,NA,L,1
Food,2,Dill,Male,2022-02-04T00:00:00Z,46,2-3,2,3,R,NA,NA,R,1
Food,2,Dill,Male,2022-02-04T00:00:00Z,46,1-4,1,4,L,NA,NA,L,1
Food,2,Dill,Male,2022-02-07T00:00:00Z,47,1-3,1,3,L,NA,NA,L,1
Food,2,Dill,Male,2022-02-07T00:00:00Z,47,2-6,2,6,L,NA,NA,R,0
Food,2,Dill,Male,2022-02-07T00:00:00Z,47,4-6,4,6,R,NA,NA,L,0
Food,2,Dill,Male,2022-02-07T00:00:00Z,47,1-5,1,5,R,NA,NA,R,1
Food,2,Dill,Male,2022-02-08T00:00:00Z,48,3-5,3,5,L,NA,NA,L,1
Food,2,Dill,Male,2022-02-09T00:00:00Z,49,3-6,3,6,R,NA,NA,R,1
Food,2,Dill,Male,2022-02-11T00:00:00Z,50,3-4,3,4,R,NA,NA,L,0
Food,2,Dill,Male,2022-02-11T00:00:00Z,50,4-5,4,5,R,NA,NA,L,0
Food,2,Dill,Male,2022-02-11T00:00:00Z,50,3-4,3,4,L,NA,NA,L,1
Food,2,Dill,Male,2022-02-11T00:00:00Z,50,1-5,1,5,R,NA,NA,R,1
Food,2,Dill,Male,2022-02-12T00:00:00Z,51,2-5,2,5,L,NA,NA,L,1
Food,2,Dill,Male,2022-02-12T00:00:00Z,51,1-3,1,3,R,NA,NA,L,0
Food,2,Dill,Male,2022-02-12T00:00:00Z,51,5-6,5,6,R,NA,NA,L,0
Food,2,Dill,Male,2022-02-12T00:00:00Z,51,2-6,2,6,R,NA,NA,L,0
Food,2,Dill,Male,2022-02-13T00:00:00Z,52,4-6,4,6,L,NA,NA,L,1
Food,2,Dill,Male,2022-02-13T00:00:00Z,52,3-6,3,6,L,NA,NA,L,1
Food,2,Dill,Male,2022-02-13T00:00:00Z,52,2-4,2,4,L,NA,NA,L,1
Food,2,Dill,Male,2022-02-13T00:00:00Z,52,3-5,3,5,R,NA,NA,L,0
Food,2,Dill,Male,2022-02-14T00:00:00Z,53,1-6,1,6,L,NA,NA,L,1
Food,2,Dill,Male,2022-02-14T00:00:00Z,53,4-5,4,5,L,NA,NA,L,1
Food,2,Dill,Male,2022-02-14T00:00:00Z,53,1-4,1,4,R,NA,NA,L,0
Food,2,Dill,Male,2022-02-14T00:00:00Z,53,1-2,1,2,L,NA,NA,L,1
Food,2,Dill,Male,2022-02-14T00:00:00Z,53,2-3,2,3,L,NA,NA,L,1
Food,2,Dartagnan,Male,2021-11-17T00:00:00Z,1,2-3,2,3,R,NA,NA,R,1
Food,2,Dartagnan,Male,2021-11-17T00:00:00Z,1,1-5,1,5,R,NA,NA,R,1
Food,2,Dartagnan,Male,2021-11-17T00:00:00Z,1,1-6,1,6,L,NA,NA,L,1
Food,2,Dartagnan,Male,2021-11-18T00:00:00Z,2,2-4,2,4,L,NA,NA,R,0
Food,2,Dartagnan,Male,2021-11-18T00:00:00Z,2,3-6,3,6,L,NA,NA,L,1
Food,2,Dartagnan,Male,2021-11-18T00:00:00Z,2,2-6,2,6,R,NA,NA,R,1
Food,2,Dartagnan,Male,2021-11-19T00:00:00Z,3,3-4,3,4,R,NA,NA,R,1
Food,2,Dartagnan,Male,2021-11-19T00:00:00Z,3,2-5,2,5,R,NA,NA,R,1
Food,2,Dartagnan,Male,2021-11-23T00:00:00Z,4,1-2,1,2,L,NA,NA,L,1
Food,2,Dartagnan,Male,2021-11-24T00:00:00Z,5,4-6,4,6,R,NA,NA,R,1
Food,2,Dartagnan,Male,2021-11-24T00:00:00Z,5,5-6,5,6,L,NA,NA,R,0
Food,2,Dartagnan,Male,2021-11-30T00:00:00Z,6,1-4,1,4,L,NA,NA,L,1
Food,2,Dartagnan,Male,2021-12-01T00:00:00Z,7,1-3,1,3,L,NA,NA,L,1
Food,2,Dartagnan,Male,2021-12-01T00:00:00Z,7,4-5,4,5,R,NA,NA,R,1
Food,2,Dartagnan,Male,2021-12-01T00:00:00Z,7,3-5,3,5,R,NA,NA,R,1
Food,2,Dartagnan,Male,2021-12-02T00:00:00Z,8,2-5,2,5,R,NA,NA,L,0
Food,2,Dartagnan,Male,2021-12-03T00:00:00Z,9,1-2,1,2,L,NA,NA,R,0
Food,2,Dartagnan,Male,2021-12-03T00:00:00Z,9,2-4,2,4,R,NA,NA,R,1
Food,2,Dartagnan,Male,2021-12-03T00:00:00Z,9,4-6,4,6,R,NA,NA,L,0
Food,2,Dartagnan,Male,2021-12-05T00:00:00Z,10,3-5,3,5,L,NA,NA,L,1
Food,2,Dartagnan,Male,2021-12-07T00:00:00Z,11,3-4,3,4,R,NA,NA,L,0
Food,2,Dartagnan,Male,2021-12-08T00:00:00Z,12,1-3,1,3,R,NA,NA,R,1
Food,2,Dartagnan,Male,2021-12-08T00:00:00Z,12,1-6,1,6,L,NA,NA,R,0
Food,2,Dartagnan,Male,2021-12-08T00:00:00Z,12,3-6,3,6,R,NA,NA,R,1
Food,2,Dartagnan,Male,2021-12-09T00:00:00Z,13,2-3,2,3,R,NA,NA,R,1
Food,2,Dartagnan,Male,2021-12-10T00:00:00Z,14,1-4,1,4,R,NA,NA,R,1
Food,2,Dartagnan,Male,2021-12-10T00:00:00Z,14,1-5,1,5,L,NA,NA,R,0
Food,2,Dartagnan,Male,2021-12-10T00:00:00Z,14,5-6,5,6,L,NA,NA,R,0
Food,2,Dartagnan,Male,2021-12-11T00:00:00Z,15,4-5,4,5,L,NA,NA,R,0
Food,2,Dartagnan,Male,2021-12-11T00:00:00Z,15,2-6,2,6,R,NA,NA,R,1
Food,2,Dartagnan,Male,2021-12-15T00:00:00Z,16,2-6,2,6,R,NA,NA,R,1
Food,2,Dartagnan,Male,2021-12-15T00:00:00Z,16,2-5,2,5,R,NA,NA,L,0
Food,2,Dartagnan,Male,2021-12-15T00:00:00Z,16,3-5,3,5,L,NA,NA,R,0
Food,2,Dartagnan,Male,2021-12-17T00:00:00Z,17,1-3,1,3,L,NA,NA,R,0
Food,2,Dartagnan,Male,2021-12-17T00:00:00Z,17,1-4,1,4,L,NA,NA,L,1
Food,2,Dartagnan,Male,2021-12-17T00:00:00Z,17,3-6,3,6,R,NA,NA,L,0
Food,2,Dartagnan,Male,2021-12-21T00:00:00Z,18,4-6,4,6,L,NA,NA,R,0
Food,2,Dartagnan,Male,2021-12-21T00:00:00Z,18,4-5,4,5,R,NA,NA,L,0
Food,2,Dartagnan,Male,2021-12-21T00:00:00Z,18,1-5,1,5,L,NA,NA,R,0
Food,2,Dartagnan,Male,2021-12-22T00:00:00Z,19,1-6,1,6,L,NA,NA,R,0
Food,2,Dartagnan,Male,2021-12-22T00:00:00Z,19,3-4,3,4,R,NA,NA,R,1
Food,2,Dartagnan,Male,2021-12-23T00:00:00Z,20,2-3,2,3,R,NA,NA,L,0
Food,2,Dartagnan,Male,2021-12-23T00:00:00Z,20,2-4,2,4,L,NA,NA,L,1
Food,2,Dartagnan,Male,2021-12-23T00:00:00Z,20,5-6,5,6,R,NA,NA,R,1
Food,2,Dartagnan,Male,2022-01-24T00:00:00Z,21,1-2,1,2,R,NA,NA,R,1
Food,2,Dartagnan,Male,2022-01-24T00:00:00Z,21,3-5,3,5,L,NA,NA,R,0
Food,2,Dartagnan,Male,2022-01-24T00:00:00Z,21,5-6,5,6,L,NA,NA,R,0
Food,2,Dartagnan,Male,2022-01-24T00:00:00Z,21,1-5,1,5,L,NA,NA,R,0
Food,2,Dartagnan,Male,2022-01-24T00:00:00Z,21,3-4,3,4,R,NA,NA,R,1
Food,2,Dartagnan,Male,2022-01-25T00:00:00Z,22,4-5,4,5,R,NA,NA,R,1
Food,2,Dartagnan,Male,2022-01-26T00:00:00Z,23,2-5,2,5,L,NA,NA,L,1
Food,2,Dartagnan,Male,2022-01-28T00:00:00Z,24,1-2,1,2,L,NA,NA,L,1
Food,2,Dartagnan,Male,2022-01-28T00:00:00Z,24,1-4,1,4,R,NA,NA,R,1
Food,2,Dartagnan,Male,2022-01-28T00:00:00Z,24,3-6,3,6,R,NA,NA,L,0
Food,2,Dartagnan,Male,2022-01-28T00:00:00Z,24,2-3,2,3,L,NA,NA,L,1
Food,2,Dartagnan,Male,2022-01-31T00:00:00Z,25,1-3,1,3,L,NA,NA,L,1
Food,2,Dartagnan,Male,2022-01-31T00:00:00Z,25,2-6,2,6,R,NA,NA,R,1
Food,2,Dartagnan,Male,2022-01-31T00:00:00Z,25,1-6,1,6,R,NA,NA,R,1
Food,2,Dartagnan,Male,2022-01-31T00:00:00Z,25,2-4,2,4,R,NA,NA,R,1
Food,2,Dartagnan,Male,2022-02-01T00:00:00Z,26,4-6,4,6,L,NA,NA,L,1
Food,2,Dartagnan,Male,2022-02-01T00:00:00Z,26,2-3,2,3,R,NA,NA,R,1
Food,2,Dartagnan,Male,2022-02-02T00:00:00Z,27,1-3,1,3,R,NA,NA,R,1
Food,2,Dartagnan,Male,2022-02-02T00:00:00Z,27,3-6,3,6,R,NA,NA,R,1
Food,2,Dartagnan,Male,2022-02-02T00:00:00Z,27,3-4,3,4,L,NA,NA,R,0
Food,2,Dartagnan,Male,2022-02-02T00:00:00Z,27,4-5,4,5,L,NA,NA,L,1
Food,2,Dartagnan,Male,2022-02-07T00:00:00Z,28,1-5,1,5,L,NA,NA,R,0
Food,2,Dartagnan,Male,2022-02-07T00:00:00Z,28,2-4,2,4,R,NA,NA,L,0
Food,2,Dartagnan,Male,2022-02-07T00:00:00Z,28,1-4,1,4,R,NA,NA,R,1
Food,2,Dartagnan,Male,2022-02-08T00:00:00Z,29,4-6,4,6,L,NA,NA,R,0
Food,2,Dartagnan,Male,2022-02-08T00:00:00Z,29,2-6,2,6,L,NA,NA,L,1
Food,2,Dartagnan,Male,2022-02-09T00:00:00Z,30,3-5,3,5,L,NA,NA,R,0
Food,2,Dartagnan,Male,2022-02-09T00:00:00Z,30,5-6,5,6,R,NA,NA,R,1
Food,2,Dartagnan,Male,2022-02-11T00:00:00Z,31,2-5,2,5,R,NA,NA,R,1
Food,2,Dartagnan,Male,2022-02-11T00:00:00Z,31,1-6,1,6,L,NA,NA,L,1
Food,2,Dartagnan,Male,2022-02-12T00:00:00Z,32,1-2,1,2,L,NA,NA,R,0
Food,2,Dartagnan,Male,2022-02-12T00:00:00Z,32,2-5,2,5,L,NA,NA,L,1
Food,2,Dartagnan,Male,2022-02-12T00:00:00Z,32,1-4,1,4,R,NA,NA,R,1
Food,2,Dartagnan,Male,2022-02-13T00:00:00Z,33,3-4,3,4,R,NA,NA,R,1
Food,2,Dartagnan,Male,2022-02-13T00:00:00Z,33,4-6,4,6,L,NA,NA,L,1
Food,2,Dartagnan,Male,2022-02-13T00:00:00Z,33,2-6,2,6,L,NA,NA,L,1
Food,2,Dartagnan,Male,2022-02-14T00:00:00Z,34,5-6,5,6,L,NA,NA,L,1
Food,2,Dartagnan,Male,2022-02-15T00:00:00Z,35,1-6,1,6,R,NA,NA,R,1
Food,2,Dartagnan,Male,2022-02-16T00:00:00Z,36,1-2,1,2,R,NA,NA,R,1
Food,2,Dartagnan,Male,2022-02-16T00:00:00Z,36,4-5,4,5,L,NA,NA,L,1
Food,2,Dartagnan,Male,2022-02-16T00:00:00Z,36,3-6,3,6,R,NA,NA,R,1
Food,2,Dartagnan,Male,2022-02-16T00:00:00Z,36,2-3,2,3,L,NA,NA,R,0
Food,2,Dartagnan,Male,2022-02-16T00:00:00Z,36,3-5,3,5,L,NA,NA,R,0
Food,2,Dartagnan,Male,2022-02-18T00:00:00Z,37,1-5,1,5,L,NA,NA,R,0
Food,2,Dartagnan,Male,2022-02-18T00:00:00Z,37,2-4,2,4,R,NA,NA,R,1
Food,2,Dartagnan,Male,2022-02-21T00:00:00Z,38,1-3,1,3,L,NA,NA,L,1
Food,2,Dartagnan,Male,2022-02-21T00:00:00Z,38,2-4,2,4,L,NA,NA,R,0
Food,2,Dartagnan,Male,2022-02-21T00:00:00Z,38,4-6,4,6,L,NA,NA,R,0
Food,2,Dartagnan,Male,2022-02-21T00:00:00Z,38,1-2,1,2,R,NA,NA,L,0
Food,2,Dartagnan,Male,2022-02-22T00:00:00Z,39,3-5,3,5,R,NA,NA,R,1
Food,2,Dartagnan,Male,2022-02-22T00:00:00Z,39,3-4,3,4,R,NA,NA,R,1
Food,2,Dartagnan,Male,2022-02-23T00:00:00Z,40,5-6,5,6,L,NA,NA,R,0
Food,2,Dartagnan,Male,2022-02-23T00:00:00Z,40,3-6,3,6,L,NA,NA,L,1
Food,2,Dartagnan,Male,2022-02-23T00:00:00Z,40,2-5,2,5,R,NA,NA,R,1
Food,2,Dartagnan,Male,2022-02-25T00:00:00Z,41,1-3,1,3,R,NA,NA,R,1
Food,2,Dartagnan,Male,2022-02-25T00:00:00Z,41,2-6,2,6,L,NA,NA,R,0
Food,2,Dartagnan,Male,2022-02-25T00:00:00Z,41,1-6,1,6,L,NA,NA,L,1
Food,2,Dartagnan,Male,2022-02-25T00:00:00Z,41,2-3,2,3,R,NA,NA,R,1
Food,2,Dartagnan,Male,2022-02-25T00:00:00Z,41,1-4,1,4,L,NA,NA,L,1
Food,2,Dartagnan,Male,2022-02-25T00:00:00Z,41,4-5,4,5,L,NA,NA,R,0
Food,2,Dartagnan,Male,2022-02-26T00:00:00Z,42,1-5,1,5,R,NA,NA,R,1
Food,2,Dartagnan,Male,2022-02-26T00:00:00Z,42,1-6,1,6,L,NA,NA,L,1
Food,2,Dartagnan,Male,2022-02-26T00:00:00Z,42,4-6,4,6,L,NA,NA,L,1
Food,2,Dartagnan,Male,2022-02-27T00:00:00Z,43,2-5,2,5,L,NA,NA,L,1
Food,2,Dartagnan,Male,2022-02-27T00:00:00Z,43,2-3,2,3,R,NA,NA,R,1
Food,2,Dartagnan,Male,2022-02-28T00:00:00Z,44,2-4,2,4,R,NA,NA,R,1
Food,2,Dartagnan,Male,2022-02-28T00:00:00Z,45,3-6,3,6,R,NA,NA,R,1
Food,2,Dartagnan,Male,2022-03-01T00:00:00Z,46,1-5,1,5,L,NA,NA,L,1
Food,2,Dartagnan,Male,2022-03-02T00:00:00Z,47,1-4,1,4,R,NA,NA,R,1
Food,2,Dartagnan,Male,2022-03-02T00:00:00Z,48,4-5,4,5,L,NA,NA,R,0
Food,2,Dartagnan,Male,2022-03-03T00:00:00Z,49,2-6,2,6,R,NA,NA,R,1
Food,2,Dartagnan,Male,2022-03-03T00:00:00Z,49,3-4,3,4,L,NA,NA,R,0
Food,2,Dartagnan,Male,2022-03-03T00:00:00Z,49,5-6,5,6,R,NA,NA,R,1
Food,2,Dartagnan,Male,2022-03-04T00:00:00Z,50,3-5,3,5,L,NA,NA,L,1
Food,2,Dartagnan,Male,2022-03-04T00:00:00Z,50,1-3,1,3,L,NA,NA,L,1
Food,2,Dartagnan,Male,2022-03-04T00:00:00Z,50,1-2,1,2,R,NA,NA,R,1
Food,2,Dartagnan,Male,2022-03-04T00:00:00Z,50,1-4,1,4,L,NA,NA,R,0
Food,2,Dartagnan,Male,2022-03-04T00:00:00Z,50,1-6,1,6,L,NA,NA,R,0
Food,2,Dartagnan,Male,2022-03-04T00:00:00Z,51,2-4,2,4,R,NA,NA,L,0
Food,2,Dartagnan,Male,2022-03-04T00:00:00Z,51,1-3,1,3,R,NA,NA,R,1
Food,2,Dartagnan,Male,2022-03-06T00:00:00Z,52,4-6,4,6,L,NA,NA,R,0
Food,2,Dartagnan,Male,2022-03-06T00:00:00Z,52,3-6,3,6,L,NA,NA,L,1
Food,2,Dartagnan,Male,2022-03-07T00:00:00Z,53,3-4,3,4,R,NA,NA,R,1
Food,2,Dartagnan,Male,2022-03-07T00:00:00Z,53,1-2,1,2,L,NA,NA,L,1
Food,2,Dartagnan,Male,2022-03-07T00:00:00Z,53,1-5,1,5,R,NA,NA,R,1
Food,2,Dartagnan,Male,2022-03-07T00:00:00Z,53,2-6,2,6,L,NA,NA,R,0
Food,2,Dartagnan,Male,2022-03-07T00:00:00Z,53,3-5,3,5,L,NA,NA,L,1
Food,2,Dartagnan,Male,2022-03-07T00:00:00Z,54,2-5,2,5,L,NA,NA,L,1
Food,2,Dartagnan,Male,2022-03-07T00:00:00Z,54,5-6,5,6,R,NA,NA,NA,NA
Food,2,Dartagnan,Male,2022-03-07T00:00:00Z,54,4-5,4,5,L,NA,NA,R,0
Food,2,Dartagnan,Male,2022-03-07T00:00:00Z,54,2-3,2,3,R,NA,NA,L,0
Food,2,Dartagnan,Male,2022-03-07T00:00:00Z,54,1-3,1,3,L,NA,NA,L,1
Food,2,Dartagnan,Male,2022-03-08T00:00:00Z,55,2-5,2,5,R,NA,NA,R,1
Food,2,Dartagnan,Male,2022-03-08T00:00:00Z,55,1-2,1,2,L,NA,NA,L,1
Food,2,Dartagnan,Male,2022-03-08T00:00:00Z,55,2-4,2,4,R,NA,NA,R,1
Food,2,Dartagnan,Male,2022-03-08T00:00:00Z,55,2-6,2,6,L,NA,NA,L,1
Food,2,Dartagnan,Male,2022-03-09T00:00:00Z,57,3-6,3,6,R,NA,NA,L,0
Food,2,Dartagnan,Male,2022-03-09T00:00:00Z,57,4-5,4,5,R,NA,NA,R,1
Food,2,Dartagnan,Male,2022-03-09T00:00:00Z,58,2-3,2,3,R,NA,NA,L,0
Food,2,Dartagnan,Male,2022-03-09T00:00:00Z,58,3-5,3,5,L,NA,NA,L,1
Food,2,Dartagnan,Male,2022-03-10T00:00:00Z,59,1-6,1,6,L,NA,NA,L,1
Food,2,Dartagnan,Male,2022-03-10T00:00:00Z,60,4-6,4,6,R,NA,NA,L,0
Food,2,Dartagnan,Male,2022-03-10T00:00:00Z,61,1-4,1,4,L,NA,NA,L,1
Food,2,Dartagnan,Male,2022-03-10T00:00:00Z,61,5-6,5,6,R,NA,NA,NA,NA
Food,2,Dartagnan,Male,2022-03-10T00:00:00Z,61,3-4,3,4,L,NA,NA,NA,NA
Food,2,Dartagnan,Male,2022-03-10T00:00:00Z,61,1-5,1,5,R,NA,NA,NA,NA
Food,2,Robin,Female,2021-11-17T00:00:00Z,1,2-5,2,5,R,NA,NA,L,0
Food,2,Robin,Female,2021-11-17T00:00:00Z,1,1-5,1,5,L,NA,NA,R,0
Food,2,Robin,Female,2021-11-17T00:00:00Z,1,1-4,1,4,L,NA,NA,L,1
Food,2,Robin,Female,2021-11-17T00:00:00Z,1,2-3,2,3,R,NA,NA,R,1
Food,2,Robin,Female,2021-11-17T00:00:00Z,1,4-5,4,5,L,NA,NA,R,0
Food,2,Robin,Female,2021-11-18T00:00:00Z,2,3-4,3,4,R,NA,NA,R,1
Food,2,Robin,Female,2021-11-18T00:00:00Z,2,2-4,2,4,L,NA,NA,R,0
Food,2,Robin,Female,2021-11-18T00:00:00Z,2,1-6,1,6,L,NA,NA,R,0
Food,2,Robin,Female,2021-11-18T00:00:00Z,2,2-6,2,6,L,NA,NA,L,1
Food,2,Robin,Female,2021-11-18T00:00:00Z,2,1-3,1,3,R,NA,NA,R,1
Food,2,Robin,Female,2021-11-19T00:00:00Z,3,1-2,1,2,R,NA,NA,R,1
Food,2,Robin,Female,2021-11-19T00:00:00Z,3,3-6,3,6,L,NA,NA,R,0
Food,2,Robin,Female,2021-11-19T00:00:00Z,3,4-6,4,6,L,NA,NA,R,0
Food,2,Robin,Female,2021-11-19T00:00:00Z,3,3-5,3,5,L,NA,NA,R,0
Food,2,Robin,Female,2021-11-19T00:00:00Z,3,5-6,5,6,R,NA,NA,R,1
Food,2,Robin,Female,2021-11-23T00:00:00Z,4,1-3,1,3,R,NA,NA,R,1
Food,2,Robin,Female,2021-11-23T00:00:00Z,4,4-6,4,6,L,NA,NA,R,0
Food,2,Robin,Female,2021-11-23T00:00:00Z,4,2-6,2,6,L,NA,NA,R,0
Food,2,Robin,Female,2021-11-23T00:00:00Z,4,1-2,1,2,L,NA,NA,R,0
Food,2,Robin,Female,2021-11-23T00:00:00Z,4,5-6,5,6,R,NA,NA,R,1
Food,2,Robin,Female,2021-11-24T00:00:00Z,5,2-5,2,5,R,NA,NA,R,1
Food,2,Robin,Female,2021-11-24T00:00:00Z,5,2-3,2,3,R,NA,NA,R,1
Food,2,Robin,Female,2021-11-24T00:00:00Z,5,1-6,1,6,L,NA,NA,R,0
Food,2,Robin,Female,2021-11-24T00:00:00Z,5,4-5,4,5,L,NA,NA,R,0
Food,2,Robin,Female,2021-11-24T00:00:00Z,5,1-5,1,5,L,NA,NA,L,1
Food,2,Robin,Female,2021-11-24T00:00:00Z,5,3-4,3,4,R,NA,NA,R,1
Food,2,Robin,Female,2021-11-30T00:00:00Z,6,3-6,3,6,L,NA,NA,R,0
Food,2,Robin,Female,2021-11-30T00:00:00Z,6,2-4,2,4,R,NA,NA,L,0
Food,2,Robin,Female,2021-11-30T00:00:00Z,6,1-4,1,4,L,NA,NA,R,0
Food,2,Robin,Female,2021-11-30T00:00:00Z,6,3-5,3,5,L,NA,NA,R,0
Food,2,Robin,Female,2021-11-30T00:00:00Z,6,2-4,2,4,R,NA,NA,NA,NA
Food,2,Robin,Female,2021-11-30T00:00:00Z,6,3-6,3,6,L,NA,NA,R,0
Food,2,Robin,Female,2021-12-01T00:00:00Z,7,1-6,1,6,L,NA,NA,L,1
Food,2,Robin,Female,2021-12-02T00:00:00Z,8,3-4,3,4,L,NA,NA,R,0
Food,2,Robin,Female,2021-12-02T00:00:00Z,8,1-4,1,4,R,NA,NA,R,1
Food,2,Robin,Female,2021-12-02T00:00:00Z,8,5-6,5,6,R,NA,NA,R,1
Food,2,Robin,Female,2021-12-02T00:00:00Z,8,1-3,1,3,R,NA,NA,R,1
Food,2,Robin,Female,2021-12-03T00:00:00Z,9,4-6,4,6,L,NA,NA,R,0
Food,2,Robin,Female,2021-12-05T00:00:00Z,10,4-5,4,5,R,NA,NA,R,1
Food,2,Robin,Female,2021-12-05T00:00:00Z,10,1-5,1,5,L,NA,NA,R,0
Food,2,Robin,Female,2021-12-05T00:00:00Z,10,3-5,3,5,R,NA,NA,R,1
Food,2,Robin,Female,2021-12-05T00:00:00Z,10,2-5,2,5,R,NA,NA,R,1
Food,2,Robin,Female,2021-12-05T00:00:00Z,10,2-6,2,6,R,NA,NA,NA,NA
Food,2,Robin,Female,2021-12-07T00:00:00Z,11,1-2,1,2,L,NA,NA,L,1
Food,2,Robin,Female,2021-12-07T00:00:00Z,11,2-3,2,3,R,NA,NA,R,1
Food,2,Robin,Female,2021-12-07T00:00:00Z,11,4-6,4,6,L,NA,NA,R,0
Food,2,Robin,Female,2021-12-07T00:00:00Z,11,3-4,3,4,R,NA,NA,R,1
Food,2,Robin,Female,2021-12-07T00:00:00Z,11,2-4,2,4,L,NA,NA,R,0
Food,2,Robin,Female,2021-12-08T00:00:00Z,12,1-5,1,5,R,NA,NA,L,0
Food,2,Robin,Female,2021-12-08T00:00:00Z,12,1-6,1,6,L,NA,NA,L,1
Food,2,Robin,Female,2021-12-09T00:00:00Z,13,1-3,1,3,L,NA,NA,L,1
Food,2,Robin,Female,2021-12-09T00:00:00Z,13,2-5,2,5,R,NA,NA,R,1
Food,2,Robin,Female,2021-12-09T00:00:00Z,13,2-6,2,6,L,NA,NA,L,1
Food,2,Robin,Female,2021-12-09T00:00:00Z,13,1-2,1,2,L,NA,NA,R,0
Food,2,Robin,Female,2021-12-09T00:00:00Z,13,5-6,5,6,L,NA,NA,R,0
Food,2,Robin,Female,2021-12-10T00:00:00Z,14,3-6,3,6,R,NA,NA,L,0
Food,2,Robin,Female,2021-12-10T00:00:00Z,14,2-3,2,3,L,NA,NA,L,1
Food,2,Robin,Female,2021-12-10T00:00:00Z,14,3-5,3,5,R,NA,NA,L,0
Food,2,Robin,Female,2021-12-12T00:00:00Z,15,1-4,1,4,R,NA,NA,R,1
Food,2,Robin,Female,2021-12-15T00:00:00Z,16,4-5,4,5,L,NA,NA,L,1
Food,2,Robin,Female,2021-12-17T00:00:00Z,17,1-5,1,5,L,NA,NA,R,0
Food,2,Robin,Female,2021-12-17T00:00:00Z,17,3-4,3,4,L,NA,NA,R,0
Food,2,Robin,Female,2021-12-17T00:00:00Z,17,2-6,2,6,R,NA,NA,R,1
Food,2,Robin,Female,2021-12-17T00:00:00Z,17,4-5,4,5,R,NA,NA,R,1
Food,2,Robin,Female,2021-12-17T00:00:00Z,18,4-6,4,6,R,NA,NA,NA,NA
Food,2,Robin,Female,2021-12-17T00:00:00Z,18,2-3,2,3,L,NA,NA,NA,NA
Food,2,Robin,Female,2021-12-17T00:00:00Z,18,1-4,1,4,L,NA,NA,NA,NA
Food,2,Robin,Female,2021-12-17T00:00:00Z,18,2-5,2,5,L,NA,NA,NA,NA
Food,2,Robin,Female,2021-12-17T00:00:00Z,18,1-6,1,6,R,NA,NA,NA,NA
Food,2,Robin,Female,2021-12-17T00:00:00Z,18,5-6,5,6,R,NA,NA,NA,NA
Food,2,Robin,Female,2021-12-17T00:00:00Z,18,3-5,3,5,L,NA,NA,NA,NA
Food,2,Robin,Female,2021-12-17T00:00:00Z,18,2-4,2,4,R,NA,NA,NA,NA
Food,2,Robin,Female,2021-12-17T00:00:00Z,18,1-3,1,3,R,NA,NA,NA,NA
Food,2,Robin,Female,2021-12-17T00:00:00Z,18,3-6,3,6,L,NA,NA,NA,NA
Food,2,Robin,Female,2021-12-17T00:00:00Z,18,1-2,1,2,R,NA,NA,NA,NA
Food,2,Robin,Female,2021-12-17T00:00:00Z,18,4-5,4,5,R,NA,NA,NA,NA
Food,2,Robin,Female,2021-12-17T00:00:00Z,18,2-6,2,6,L,NA,NA,NA,NA
Food,2,Robin,Female,2021-12-17T00:00:00Z,18,1-4,1,4,R,NA,NA,NA,NA
Food,2,Robin,Female,2021-12-17T00:00:00Z,18,1-5,1,5,R,NA,NA,NA,NA
Food,2,Robin,Female,2021-12-17T00:00:00Z,18,1-2,1,2,L,NA,NA,NA,NA
Food,2,Robin,Female,2021-12-17T00:00:00Z,18,2-4,2,4,L,NA,NA,NA,NA
Food,2,Robin,Female,2021-12-17T00:00:00Z,18,2-5,2,5,L,NA,NA,NA,NA
Food,2,Robin,Female,2021-12-17T00:00:00Z,18,1-3,1,3,R,NA,NA,NA,NA
Food,2,Robin,Female,2021-12-17T00:00:00Z,18,3-5,3,5,R,NA,NA,NA,NA
Food,2,Robin,Female,2021-12-17T00:00:00Z,18,3-4,3,4,R,NA,NA,NA,NA
Food,2,Robin,Female,2021-12-17T00:00:00Z,18,5-6,5,6,L,NA,NA,NA,NA
Food,2,Robin,Female,2021-12-17T00:00:00Z,18,4-6,4,6,R,NA,NA,NA,NA
Food,2,Robin,Female,2021-12-17T00:00:00Z,18,1-6,1,6,R,NA,NA,NA,NA
Food,2,Robin,Female,2021-12-17T00:00:00Z,18,3-6,3,6,L,NA,NA,NA,NA
Food,2,Robin,Female,2021-12-17T00:00:00Z,18,2-3,2,3,L,NA,NA,NA,NA
Food,2,Robin,Female,2021-12-17T00:00:00Z,18,4-5,4,5,L,NA,NA,NA,NA
Food,2,Robin,Female,2021-12-17T00:00:00Z,18,4-6,4,6,R,NA,NA,NA,NA
Food,2,Robin,Female,2021-12-17T00:00:00Z,18,1-3,1,3,R,NA,NA,NA,NA
Food,2,Robin,Female,2021-12-17T00:00:00Z,18,1-5,1,5,R,NA,NA,NA,NA
Food,2,Robin,Female,2021-12-17T00:00:00Z,18,1-4,1,4,L,NA,NA,NA,NA
Food,2,Robin,Female,2021-12-17T00:00:00Z,18,2-3,2,3,L,NA,NA,NA,NA
Food,2,Robin,Female,2021-12-17T00:00:00Z,18,3-5,3,5,R,NA,NA,NA,NA
Food,2,Robin,Female,2021-12-17T00:00:00Z,18,1-6,1,6,R,NA,NA,NA,NA
Food,2,Robin,Female,2021-12-17T00:00:00Z,18,2-6,2,6,L,NA,NA,NA,NA
Food,2,Robin,Female,2021-12-17T00:00:00Z,18,2-4,2,4,R,NA,NA,NA,NA
Food,2,Robin,Female,2021-12-17T00:00:00Z,18,1-2,1,2,L,NA,NA,NA,NA
Food,2,Robin,Female,2021-12-17T00:00:00Z,18,2-5,2,5,L,NA,NA,NA,NA
Food,2,Robin,Female,2021-12-17T00:00:00Z,18,3-6,3,6,R,NA,NA,NA,NA
Food,2,Robin,Female,2021-12-17T00:00:00Z,18,5-6,5,6,R,NA,NA,NA,NA
Food,2,Robin,Female,2021-12-17T00:00:00Z,18,3-4,3,4,L,NA,NA,NA,NA
Food,2,Robin,Female,2021-12-17T00:00:00Z,18,1-4,1,4,R,NA,NA,NA,NA
Food,2,Robin,Female,2021-12-17T00:00:00Z,18,3-5,3,5,R,NA,NA,NA,NA
Food,2,Robin,Female,2021-12-17T00:00:00Z,18,1-2,1,2,L,NA,NA,NA,NA
Food,2,Robin,Female,2021-12-17T00:00:00Z,18,2-6,2,6,R,NA,NA,NA,NA
Food,2,Robin,Female,2021-12-17T00:00:00Z,18,4-6,4,6,L,NA,NA,NA,NA
Food,2,Robin,Female,2021-12-17T00:00:00Z,18,1-5,1,5,R,NA,NA,NA,NA
Food,2,Robin,Female,2021-12-17T00:00:00Z,18,1-3,1,3,R,NA,NA,NA,NA
Food,2,Robin,Female,2021-12-17T00:00:00Z,18,2-3,2,3,L,NA,NA,NA,NA
Food,2,Robin,Female,2021-12-17T00:00:00Z,18,3-4,3,4,R,NA,NA,NA,NA
Food,2,Robin,Female,2021-12-17T00:00:00Z,18,3-6,3,6,R,NA,NA,NA,NA
Food,2,Robin,Female,2021-12-17T00:00:00Z,18,2-5,2,5,L,NA,NA,NA,NA
Food,2,Robin,Female,2021-12-17T00:00:00Z,18,5-6,5,6,R,NA,NA,NA,NA
Food,2,Robin,Female,2021-12-17T00:00:00Z,18,4-5,4,5,L,NA,NA,NA,NA
Food,2,Robin,Female,2021-12-17T00:00:00Z,18,2-4,2,4,R,NA,NA,NA,NA
Food,2,Robin,Female,2021-12-17T00:00:00Z,18,1-6,1,6,L,NA,NA,NA,NA
Food,2,Robin,Female,2021-12-17T00:00:00Z,18,3-4,3,4,R,NA,NA,NA,NA
Food,2,Robin,Female,2021-12-17T00:00:00Z,18,5-6,5,6,R,NA,NA,NA,NA
Food,2,Robin,Female,2021-12-17T00:00:00Z,18,1-6,1,6,L,NA,NA,NA,NA
Food,2,Robin,Female,2021-12-17T00:00:00Z,18,4-5,4,5,R,NA,NA,NA,NA
Food,2,Robin,Female,2021-12-17T00:00:00Z,18,1-2,1,2,R,NA,NA,NA,NA
Food,2,Robin,Female,2021-12-17T00:00:00Z,18,2-3,2,3,R,NA,NA,NA,NA
Food,2,Robin,Female,2021-12-17T00:00:00Z,18,2-4,2,4,L,NA,NA,NA,NA
Food,2,Robin,Female,2021-12-17T00:00:00Z,18,2-6,2,6,L,NA,NA,NA,NA
Food,2,Robin,Female,2021-12-17T00:00:00Z,18,1-3,1,3,L,NA,NA,NA,NA
Food,2,Robin,Female,2021-12-17T00:00:00Z,18,1-4,1,4,R,NA,NA,NA,NA
Food,2,Robin,Female,2021-12-17T00:00:00Z,18,3-5,3,5,R,NA,NA,NA,NA
Food,2,Robin,Female,2021-12-17T00:00:00Z,18,3-6,3,6,L,NA,NA,NA,NA
Food,2,Robin,Female,2021-12-17T00:00:00Z,18,2-5,2,5,L,NA,NA,NA,NA
Food,2,Robin,Female,2021-12-17T00:00:00Z,18,4-6,4,6,R,NA,NA,NA,NA
Food,2,Robin,Female,2021-12-17T00:00:00Z,18,1-5,1,5,R,NA,NA,NA,NA
Food,2,Robin,Female,2021-12-17T00:00:00Z,18,2-4,2,4,L,NA,NA,NA,NA
Food,2,Robin,Female,2021-12-17T00:00:00Z,18,3-6,3,6,R,NA,NA,NA,NA
Food,2,Robin,Female,2021-12-17T00:00:00Z,18,3-4,3,4,L,NA,NA,NA,NA
Food,2,Robin,Female,2021-12-17T00:00:00Z,18,1-3,1,3,L,NA,NA,NA,NA
Food,2,Robin,Female,2021-12-17T00:00:00Z,18,2-5,2,5,L,NA,NA,NA,NA
Food,2,Robin,Female,2021-12-17T00:00:00Z,18,1-6,1,6,R,NA,NA,NA,NA
Food,2,Robin,Female,2021-12-17T00:00:00Z,18,4-6,4,6,R,NA,NA,NA,NA
Food,2,Robin,Female,2021-12-17T00:00:00Z,18,2-6,2,6,R,NA,NA,NA,NA
Food,2,Robin,Female,2021-12-17T00:00:00Z,18,1-5,1,5,L,NA,NA,NA,NA
Food,2,Robin,Female,2021-12-17T00:00:00Z,18,1-2,1,2,L,NA,NA,NA,NA
Food,2,Robin,Female,2021-12-17T00:00:00Z,18,4-5,4,5,R,NA,NA,NA,NA
Food,2,Robin,Female,2021-12-17T00:00:00Z,18,3-5,3,5,L,NA,NA,NA,NA
Food,2,Robin,Female,2021-12-17T00:00:00Z,18,1-4,1,4,R,NA,NA,NA,NA
Food,2,Robin,Female,2021-12-17T00:00:00Z,18,2-3,2,3,L,NA,NA,NA,NA
Food,2,Robin,Female,2021-12-17T00:00:00Z,18,5-6,5,6,L,NA,NA,NA,NA
Food,2,Rooster,Male,2021-11-17T00:00:00Z,1,3-5,3,5,L,NA,NA,L,1
Food,2,Rooster,Male,2021-11-17T00:00:00Z,1,1-5,1,5,R,NA,NA,L,0
Food,2,Rooster,Male,2021-11-18T00:00:00Z,2,2-3,2,3,L,NA,NA,R,0
Food,2,Rooster,Male,2021-11-18T00:00:00Z,2,1-2,1,2,L,NA,NA,R,0
Food,2,Rooster,Male,2021-11-18T00:00:00Z,2,4-6,4,6,R,NA,NA,L,0
Food,2,Rooster,Male,2021-11-19T00:00:00Z,3,3-4,3,4,R,NA,NA,L,0
Food,2,Rooster,Male,2021-11-19T00:00:00Z,3,5-6,5,6,L,NA,NA,L,1
Food,2,Rooster,Male,2021-11-23T00:00:00Z,4,2-5,2,5,R,NA,NA,L,0
Food,2,Rooster,Male,2021-11-23T00:00:00Z,4,2-6,2,6,R,NA,NA,R,1
Food,2,Rooster,Male,2021-11-24T00:00:00Z,5,3-6,3,6,R,NA,NA,L,0
Food,2,Rooster,Male,2021-11-24T00:00:00Z,5,1-3,1,3,L,NA,NA,L,1
Food,2,Rooster,Male,2021-11-30T00:00:00Z,6,1-4,1,4,L,NA,NA,L,1
Food,2,Rooster,Male,2021-11-30T00:00:00Z,6,1-6,1,6,R,NA,NA,R,1
Food,2,Rooster,Male,2021-12-01T00:00:00Z,7,2-4,2,4,L,NA,NA,L,1
Food,2,Rooster,Male,2021-12-01T00:00:00Z,7,4-5,4,5,R,NA,NA,L,0
Food,2,Rooster,Male,2021-12-02T00:00:00Z,8,2-5,2,5,R,NA,NA,R,1
Food,2,Rooster,Male,2021-12-02T00:00:00Z,8,2-6,2,6,R,NA,NA,L,0
Food,2,Rooster,Male,2021-12-02T00:00:00Z,8,5-6,5,6,L,NA,NA,L,1
Food,2,Rooster,Male,2021-12-03T00:00:00Z,9,3-5,3,5,R,NA,NA,L,0
Food,2,Rooster,Male,2021-12-05T00:00:00Z,10,2-3,2,3,L,NA,NA,L,1
Food,2,Rooster,Male,2021-12-05T00:00:00Z,10,3-4,3,4,R,NA,NA,L,0
Food,2,Rooster,Male,2021-12-05T00:00:00Z,10,2-4,2,4,L,NA,NA,L,1
Food,2,Rooster,Male,2021-12-07T00:00:00Z,11,4-5,4,5,L,NA,NA,L,1
Food,2,Rooster,Male,2021-12-07T00:00:00Z,11,1-2,1,2,L,NA,NA,L,1
Food,2,Rooster,Male,2021-12-08T00:00:00Z,12,4-6,4,6,R,NA,NA,R,1
Food,2,Rooster,Male,2021-12-09T00:00:00Z,13,3-6,3,6,R,NA,NA,R,1
Food,2,Rooster,Male,2021-12-09T00:00:00Z,13,1-6,1,6,L,NA,NA,L,1
Food,2,Rooster,Male,2021-12-10T00:00:00Z,14,1-4,1,4,L,NA,NA,L,1
Food,2,Rooster,Male,2021-12-11T00:00:00Z,15,1-3,1,3,R,NA,NA,R,1
Food,2,Rooster,Male,2021-12-11T00:00:00Z,15,1-5,1,5,R,NA,NA,L,0
Food,2,Rooster,Male,2021-12-11T00:00:00Z,15,2-6,2,6,R,NA,NA,R,1
Food,2,Rooster,Male,2021-12-12T00:00:00Z,16,2-4,2,4,L,NA,NA,L,1
Food,2,Rooster,Male,2021-12-12T00:00:00Z,16,1-4,1,4,L,NA,NA,L,1
Food,2,Rooster,Male,2021-12-15T00:00:00Z,17,3-4,3,4,R,NA,NA,L,0
Food,2,Rooster,Male,2021-12-17T00:00:00Z,18,1-5,1,5,L,NA,NA,L,1
Food,2,Rooster,Male,2021-12-21T00:00:00Z,19,3-6,3,6,R,NA,NA,L,0
Food,2,Rooster,Male,2021-12-21T00:00:00Z,19,2-5,2,5,L,NA,NA,L,1
Food,2,Rooster,Male,2021-12-22T00:00:00Z,20,2-3,2,3,R,NA,NA,L,0
Food,2,Rooster,Male,2021-12-22T00:00:00Z,20,4-6,4,6,L,NA,NA,L,1
Food,2,Rooster,Male,2022-01-24T00:00:00Z,21,3-5,3,5,R,NA,NA,L,0
Food,2,Rooster,Male,2022-01-25T00:00:00Z,22,4-5,4,5,L,NA,NA,L,1
Food,2,Rooster,Male,2022-01-25T00:00:00Z,22,1-6,1,6,L,NA,NA,L,1
Food,2,Rooster,Male,2022-01-25T00:00:00Z,22,1-2,1,2,L,NA,NA,L,1
Food,2,Rooster,Male,2022-01-26T00:00:00Z,23,5-6,5,6,R,NA,NA,R,1
Food,2,Rooster,Male,2022-01-28T00:00:00Z,24,1-3,1,3,L,NA,NA,L,1
Food,2,Rooster,Male,2022-01-28T00:00:00Z,24,4-5,4,5,L,NA,NA,L,1
Food,2,Rooster,Male,2022-01-28T00:00:00Z,24,5-6,5,6,R,NA,NA,L,0
Food,2,Rooster,Male,2022-01-31T00:00:00Z,25,2-6,2,6,L,NA,NA,L,1
Food,2,Rooster,Male,2022-01-31T00:00:00Z,25,1-3,1,3,R,NA,NA,R,1
Food,2,Rooster,Male,2022-02-01T00:00:00Z,26,3-5,3,5,R,NA,NA,L,0
Food,2,Rooster,Male,2022-02-01T00:00:00Z,26,4-6,4,6,L,NA,NA,L,1
Food,2,Rooster,Male,2022-02-01T00:00:00Z,26,3-4,3,4,L,NA,NA,L,1
Food,2,Rooster,Male,2022-02-02T00:00:00Z,27,2-5,2,5,R,NA,NA,L,0
Food,2,Rooster,Male,2022-02-02T00:00:00Z,27,1-4,1,4,R,NA,NA,L,0
Food,2,Rooster,Male,2022-02-02T00:00:00Z,27,3-6,3,6,R,NA,NA,L,0
Food,2,Rooster,Male,2022-02-04T00:00:00Z,28,1-5,1,5,L,NA,NA,L,1
Food,2,Rooster,Male,2022-02-04T00:00:00Z,28,2-3,2,3,R,NA,NA,L,0
Food,2,Rooster,Male,2022-02-07T00:00:00Z,29,1-2,1,2,R,NA,NA,L,0
Food,2,Rooster,Male,2022-02-07T00:00:00Z,29,2-4,2,4,L,NA,NA,L,1
Food,2,Rooster,Male,2022-02-07T00:00:00Z,29,1-6,1,6,L,NA,NA,L,1
Food,2,Rooster,Male,2022-02-07T00:00:00Z,29,2-3,2,3,R,NA,NA,L,0
Food,2,Rooster,Male,2022-02-07T00:00:00Z,29,2-5,2,5,R,NA,NA,L,0
Food,2,Rooster,Male,2022-02-07T00:00:00Z,29,2-6,2,6,L,NA,NA,L,1
Food,2,Rooster,Male,2022-02-08T00:00:00Z,30,1-4,1,4,L,NA,NA,L,1
Food,2,Rooster,Male,2022-02-08T00:00:00Z,30,1-6,1,6,L,NA,NA,L,1
Food,2,Rooster,Male,2022-02-09T00:00:00Z,31,2-4,2,4,R,NA,NA,L,0
Food,2,Rooster,Male,2022-02-09T00:00:00Z,31,3-4,3,4,R,NA,NA,L,0
Food,2,Rooster,Male,2022-02-09T00:00:00Z,31,4-5,4,5,R,NA,NA,L,0
Food,2,Rooster,Male,2022-02-11T00:00:00Z,32,1-3,1,3,L,NA,NA,L,1
Food,2,Rooster,Male,2022-02-11T00:00:00Z,32,3-5,3,5,L,NA,NA,L,1
Food,2,Rooster,Male,2022-02-12T00:00:00Z,33,3-6,3,6,L,NA,NA,L,1
Food,2,Rooster,Male,2022-02-12T00:00:00Z,33,1-2,1,2,R,NA,NA,L,0
Food,2,Rooster,Male,2022-02-13T00:00:00Z,34,1-5,1,5,L,NA,NA,L,1
Food,2,Rooster,Male,2022-02-13T00:00:00Z,34,4-6,4,6,R,NA,NA,L,0
Food,2,Rooster,Male,2022-02-14T00:00:00Z,35,5-6,5,6,R,NA,NA,L,0
Food,2,Rooster,Male,2022-02-14T00:00:00Z,35,2-5,2,5,L,NA,NA,L,1
Food,2,Rooster,Male,2022-02-15T00:00:00Z,36,1-4,1,4,R,NA,NA,L,0
Food,2,Rooster,Male,2022-02-15T00:00:00Z,36,1-6,1,6,L,NA,NA,L,1
Food,2,Rooster,Male,2022-02-16T00:00:00Z,37,2-4,2,4,L,NA,NA,L,1
Food,2,Rooster,Male,2022-02-16T00:00:00Z,37,1-3,1,3,L,NA,NA,L,1
Food,2,Rooster,Male,2022-02-16T00:00:00Z,37,3-5,3,5,R,NA,NA,L,0
Food,2,Rooster,Male,2022-02-21T00:00:00Z,38,5-6,5,6,L,NA,NA,L,1
Food,2,Rooster,Male,2022-02-21T00:00:00Z,38,1-5,1,5,L,NA,NA,L,1
Food,2,Rooster,Male,2022-02-22T00:00:00Z,39,2-3,2,3,L,NA,NA,L,1
Food,2,Rooster,Male,2022-02-22T00:00:00Z,39,1-2,1,2,R,NA,NA,L,0
Food,2,Rooster,Male,2022-02-22T00:00:00Z,39,4-6,4,6,R,NA,NA,L,0
Food,2,Rooster,Male,2022-02-23T00:00:00Z,40,4-5,4,5,L,NA,NA,L,1
Food,2,Rooster,Male,2022-02-23T00:00:00Z,40,2-6,2,6,R,NA,NA,L,0
Food,2,Rooster,Male,2022-02-23T00:00:00Z,40,3-6,3,6,R,NA,NA,L,0
Food,2,Rooster,Male,2022-02-25T00:00:00Z,41,3-4,3,4,R,NA,NA,R,1
Food,2,Rooster,Male,2022-02-25T00:00:00Z,41,3-4,3,4,L,NA,NA,L,1
Food,2,Rooster,Male,2022-02-25T00:00:00Z,41,2-5,2,5,L,NA,NA,L,1
Food,2,Rooster,Male,2022-02-26T00:00:00Z,42,1-2,1,2,L,NA,NA,L,1
Food,2,Rooster,Male,2022-02-26T00:00:00Z,42,5-6,5,6,R,NA,NA,R,1
Food,2,Rooster,Male,2022-02-26T00:00:00Z,42,2-3,2,3,L,NA,NA,L,1
Food,2,Rooster,Male,2022-02-27T00:00:00Z,43,3-6,3,6,R,NA,NA,L,0
Food,2,Rooster,Male,2022-02-28T00:00:00Z,44,1-6,1,6,R,NA,NA,L,0
Food,2,Rooster,Male,2022-02-28T00:00:00Z,44,1-5,1,5,L,NA,NA,L,1
Food,2,Rooster,Male,2022-02-28T00:00:00Z,44,2-6,2,6,R,NA,NA,L,0
Food,2,Rooster,Male,2022-02-28T00:00:00Z,45,1-3,1,3,R,NA,NA,L,0
Food,2,Rooster,Male,2022-02-28T00:00:00Z,45,1-4,1,4,R,NA,NA,R,1
Food,2,Rooster,Male,2022-03-01T00:00:00Z,46,4-5,4,5,L,NA,NA,L,1
Food,2,Rooster,Male,2022-03-02T00:00:00Z,47,3-5,3,5,R,NA,NA,L,0
Food,2,Rooster,Male,2022-03-02T00:00:00Z,47,4-6,4,6,R,NA,NA,L,0
Food,2,Rooster,Male,2022-03-02T00:00:00Z,48,2-4,2,4,L,NA,NA,L,1
Food,2,Rooster,Male,2022-03-02T00:00:00Z,48,1-3,1,3,L,NA,NA,L,1
Food,2,Rooster,Male,2022-03-03T00:00:00Z,49,3-6,3,6,R,NA,NA,L,0
Food,2,Rooster,Male,2022-03-03T00:00:00Z,49,2-6,2,6,R,NA,NA,L,0
Food,2,Rooster,Male,2022-03-03T00:00:00Z,49,1-5,1,5,R,NA,NA,L,0
Food,2,Rooster,Male,2022-03-03T00:00:00Z,49,4-5,4,5,L,NA,NA,L,1
Food,2,Rooster,Male,2022-03-03T00:00:00Z,49,1-2,1,2,L,NA,NA,L,1
Food,2,Rooster,Male,2022-03-04T00:00:00Z,50,5-6,5,6,L,NA,NA,L,1
Food,2,Rooster,Male,2022-03-04T00:00:00Z,51,2-3,2,3,R,NA,NA,R,1
Food,2,Rooster,Male,2022-03-04T00:00:00Z,51,1-4,1,4,R,NA,NA,L,0
Food,2,Rooster,Male,2022-03-04T00:00:00Z,51,2-4,2,4,R,NA,NA,L,0
Food,2,Rooster,Male,2022-03-04T00:00:00Z,51,2-5,2,5,L,NA,NA,L,1
Food,2,Rooster,Male,2022-03-06T00:00:00Z,52,1-6,1,6,R,NA,NA,R,1
Food,2,Rooster,Male,2022-03-07T00:00:00Z,53,4-6,4,6,R,NA,NA,R,1
Food,2,Rooster,Male,2022-03-07T00:00:00Z,54,3-5,3,5,R,NA,NA,L,0
Food,2,Rooster,Male,2022-03-08T00:00:00Z,55,3-4,3,4,L,NA,NA,L,1
Food,2,Rooster,Male,2022-03-08T00:00:00Z,55,4-6,4,6,L,NA,NA,L,1
Food,2,Rooster,Male,2022-03-08T00:00:00Z,56,3-4,3,4,R,NA,NA,L,0
Food,2,Rooster,Male,2022-03-09T00:00:00Z,57,1-3,1,3,R,NA,NA,L,0
Food,2,Rooster,Male,2022-03-09T00:00:00Z,57,3-5,3,5,R,NA,NA,R,1
Food,2,Rooster,Male,2022-03-09T00:00:00Z,58,5-6,5,6,L,NA,NA,L,1
Food,2,Rooster,Male,2022-03-10T00:00:00Z,59,1-2,1,2,L,NA,NA,L,1
Food,2,Rooster,Male,2022-03-10T00:00:00Z,59,2-3,2,3,R,NA,NA,L,0
Food,2,Rooster,Male,2022-03-10T00:00:00Z,60,1-6,1,6,R,NA,NA,R,1
Food,2,Rooster,Male,2022-03-10T00:00:00Z,60,4-5,4,5,R,NA,NA,NA,NA
Food,2,Rooster,Male,2022-03-10T00:00:00Z,60,1-5,1,5,L,NA,NA,NA,NA
Food,2,Rooster,Male,2022-03-10T00:00:00Z,60,2-4,2,4,R,NA,NA,NA,NA
Food,2,Rooster,Male,2022-03-10T00:00:00Z,60,1-4,1,4,R,NA,NA,NA,NA
Food,2,Rooster,Male,2022-03-10T00:00:00Z,60,2-5,2,5,R,NA,NA,NA,NA
Food,2,Rooster,Male,2022-03-10T00:00:00Z,60,3-6,3,6,L,NA,NA,NA,NA
Food,2,Rooster,Male,2022-03-10T00:00:00Z,60,2-6,2,6,L,NA,NA,NA,NA
Food,2,Rooster,Male,2022-03-10T00:00:00Z,60,2-3,2,3,L,NA,NA,NA,NA
Food,2,Rooster,Male,2022-03-10T00:00:00Z,60,5-6,5,6,R,NA,NA,NA,NA
Food,2,Rooster,Male,2022-03-10T00:00:00Z,60,3-6,3,6,L,NA,NA,NA,NA
Food,2,Rooster,Male,2022-03-10T00:00:00Z,60,4-5,4,5,L,NA,NA,NA,NA
Food,2,Rooster,Male,2022-03-10T00:00:00Z,60,1-4,1,4,L,NA,NA,NA,NA
Food,2,Rooster,Male,2022-03-10T00:00:00Z,60,2-6,2,6,R,NA,NA,NA,NA
Food,2,Rooster,Male,2022-03-10T00:00:00Z,60,1-3,1,3,R,NA,NA,NA,NA
Food,2,Rooster,Male,2022-03-10T00:00:00Z,60,3-5,3,5,L,NA,NA,NA,NA
Food,2,Rooster,Male,2022-03-10T00:00:00Z,60,4-6,4,6,R,NA,NA,NA,NA
Food,2,Rooster,Male,2022-03-10T00:00:00Z,60,2-4,2,4,R,NA,NA,NA,NA
Food,2,Rooster,Male,2022-03-10T00:00:00Z,60,1-6,1,6,L,NA,NA,NA,NA
Food,2,Rooster,Male,2022-03-10T00:00:00Z,60,3-4,3,4,R,NA,NA,NA,NA
Food,2,Rooster,Male,2022-03-10T00:00:00Z,60,1-5,1,5,L,NA,NA,NA,NA
Food,2,Rooster,Male,2022-03-10T00:00:00Z,60,1-2,1,2,R,NA,NA,NA,NA
Food,2,Rooster,Male,2022-03-10T00:00:00Z,60,2-5,2,5,R,NA,NA,NA,NA
Food,2,Saffron,Female,2021-12-02T00:00:00Z,1,2-5,2,5,R,NA,NA,R,1
Food,2,Saffron,Female,2021-12-02T00:00:00Z,1,1-5,1,5,L,NA,NA,L,1
Food,2,Saffron,Female,2021-12-02T00:00:00Z,1,1-4,1,4,L,NA,NA,R,0
Food,2,Saffron,Female,2021-12-02T00:00:00Z,1,2-3,2,3,R,NA,NA,R,1
Food,2,Saffron,Female,2021-12-03T00:00:00Z,2,4-5,4,5,L,NA,NA,R,0
Food,2,Saffron,Female,2021-12-03T00:00:00Z,2,3-4,3,4,R,NA,NA,L,0
Food,2,Saffron,Female,2021-12-03T00:00:00Z,2,2-4,2,4,L,NA,NA,R,0
Food,2,Saffron,Female,2021-12-03T00:00:00Z,2,1-6,1,6,L,NA,NA,L,1
Food,2,Saffron,Female,2021-12-05T00:00:00Z,3,2-6,2,6,L,NA,NA,R,0
Food,2,Saffron,Female,2021-12-05T00:00:00Z,3,1-3,1,3,R,NA,NA,R,1
Food,2,Saffron,Female,2021-12-05T00:00:00Z,3,1-2,1,2,R,NA,NA,R,1
Food,2,Saffron,Female,2021-12-05T00:00:00Z,3,3-6,3,6,L,NA,NA,R,0
Food,2,Saffron,Female,2021-12-05T00:00:00Z,3,4-6,4,6,L,NA,NA,R,0
Food,2,Saffron,Female,2021-12-07T00:00:00Z,4,3-5,3,5,L,NA,NA,R,0
Food,2,Saffron,Female,2021-12-07T00:00:00Z,4,5-6,5,6,R,NA,NA,L,0
Food,2,Saffron,Female,2021-12-09T00:00:00Z,5,1-3,1,3,R,NA,NA,R,1
Food,2,Saffron,Female,2021-12-09T00:00:00Z,5,4-6,4,6,L,NA,NA,L,1
Food,2,Saffron,Female,2021-12-09T00:00:00Z,5,2-6,2,6,L,NA,NA,L,1
Food,2,Saffron,Female,2021-12-09T00:00:00Z,5,1-2,1,2,L,NA,NA,NA,NA
Food,2,Saffron,Female,2021-12-11T00:00:00Z,6,5-6,5,6,R,NA,NA,R,1
Food,2,Saffron,Female,2021-12-11T00:00:00Z,6,2-5,2,5,R,NA,NA,R,1
Food,2,Saffron,Female,2021-12-11T00:00:00Z,6,2-3,2,3,R,NA,NA,R,1
Food,2,Saffron,Female,2021-12-12T00:00:00Z,7,1-6,1,6,L,NA,NA,L,1
Food,2,Saffron,Female,2021-12-12T00:00:00Z,7,4-5,4,5,L,NA,NA,L,1
Food,2,Saffron,Female,2021-12-12T00:00:00Z,7,1-5,1,5,L,NA,NA,R,0
Food,2,Saffron,Female,2021-12-15T00:00:00Z,8,3-4,3,4,R,NA,NA,R,1
Food,2,Saffron,Female,2021-12-15T00:00:00Z,8,3-6,3,6,L,NA,NA,L,1
Food,2,Saffron,Female,2021-12-17T00:00:00Z,9,2-4,2,4,R,NA,NA,L,0
Food,2,Saffron,Female,2021-12-17T00:00:00Z,9,1-4,1,4,L,NA,NA,L,1
Food,2,Saffron,Female,2021-12-17T00:00:00Z,9,3-5,3,5,L,NA,NA,L,1
Food,2,Saffron,Female,2021-12-17T00:00:00Z,9,2-4,2,4,R,NA,NA,L,0
Food,2,Saffron,Female,2021-12-21T00:00:00Z,10,3-6,3,6,L,NA,NA,L,1
Food,2,Saffron,Female,2021-12-21T00:00:00Z,10,1-6,1,6,L,NA,NA,R,0
Food,2,Saffron,Female,2021-12-21T00:00:00Z,10,3-4,3,4,L,NA,NA,L,1
Food,2,Saffron,Female,2021-12-22T00:00:00Z,11,1-4,1,4,R,NA,NA,L,0
Food,2,Saffron,Female,2021-12-22T00:00:00Z,11,5-6,5,6,R,NA,NA,L,0
Food,2,Saffron,Female,2022-01-24T00:00:00Z,12,1-3,1,3,R,NA,NA,NA,NA
Food,2,Saffron,Female,2022-01-25T00:00:00Z,13,4-6,4,6,L,NA,NA,L,1
Food,2,Saffron,Female,2022-01-25T00:00:00Z,13,4-5,4,5,R,NA,NA,L,0
Food,2,Saffron,Female,2022-01-25T00:00:00Z,13,1-5,1,5,L,NA,NA,L,1
Food,2,Saffron,Female,2022-01-25T00:00:00Z,13,3-5,3,5,R,NA,NA,R,1
Food,2,Saffron,Female,2022-01-26T00:00:00Z,14,2-5,2,5,R,NA,NA,L,0
Food,2,Saffron,Female,2022-01-26T00:00:00Z,14,2-6,2,6,R,NA,NA,L,0
Food,2,Saffron,Female,2022-01-26T00:00:00Z,14,1-2,1,2,L,NA,NA,L,1
Food,2,Saffron,Female,2022-02-01T00:00:00Z,15,2-3,2,3,R,NA,NA,L,0
Food,2,Saffron,Female,2022-02-01T00:00:00Z,15,4-6,4,6,L,NA,NA,L,1
Food,2,Saffron,Female,2022-02-01T00:00:00Z,15,3-4,3,4,R,NA,NA,L,0
Food,2,Saffron,Female,2022-02-01T00:00:00Z,15,2-4,2,4,L,NA,NA,R,0
Food,2,Saffron,Female,2022-02-01T00:00:00Z,15,1-5,1,5,R,NA,NA,L,0
Food,2,Saffron,Female,2022-02-01T00:00:00Z,15,1-6,1,6,L,NA,NA,L,1
Food,2,Saffron,Female,2022-02-01T00:00:00Z,15,1-3,1,3,L,NA,NA,L,1
Food,2,Saffron,Female,2022-02-02T00:00:00Z,16,2-5,2,5,R,NA,NA,R,1
Food,2,Saffron,Female,2022-02-02T00:00:00Z,16,2-6,2,6,L,NA,NA,L,1
Food,2,Saffron,Female,2022-02-02T00:00:00Z,16,1-2,1,2,L,NA,NA,L,1
Food,2,Saffron,Female,2022-02-02T00:00:00Z,16,5-6,5,6,L,NA,NA,R,0
Food,2,Saffron,Female,2022-02-02T00:00:00Z,16,3-6,3,6,R,NA,NA,R,1
Food,2,Saffron,Female,2022-02-04T00:00:00Z,17,2-3,2,3,L,NA,NA,L,1
Food,2,Saffron,Female,2022-02-04T00:00:00Z,17,3-5,3,5,R,NA,NA,R,1
Food,2,Saffron,Female,2022-02-04T00:00:00Z,17,1-4,1,4,R,NA,NA,R,1
Food,2,Saffron,Female,2022-02-04T00:00:00Z,17,4-5,4,5,L,NA,NA,L,1
Food,2,Saffron,Female,2022-02-04T00:00:00Z,17,1-5,1,5,L,NA,NA,R,0
Food,2,Saffron,Female,2022-02-04T00:00:00Z,17,3-4,3,4,L,NA,NA,R,0
Food,2,Saffron,Female,2022-02-04T00:00:00Z,17,2-6,2,6,R,NA,NA,R,1
Food,2,Saffron,Female,2022-02-07T00:00:00Z,18,4-5,4,5,R,NA,NA,R,1
Food,2,Saffron,Female,2022-02-07T00:00:00Z,18,4-6,4,6,R,NA,NA,R,1
Food,2,Saffron,Female,2022-02-07T00:00:00Z,18,2-3,2,3,L,NA,NA,R,0
Food,2,Saffron,Female,2022-02-07T00:00:00Z,18,1-4,1,4,L,NA,NA,R,0
Food,2,Saffron,Female,2022-02-07T00:00:00Z,18,2-5,2,5,L,NA,NA,R,0
Food,2,Saffron,Female,2022-02-07T00:00:00Z,18,1-6,1,6,R,NA,NA,R,1
Food,2,Saffron,Female,2022-02-07T00:00:00Z,18,5-6,5,6,R,NA,NA,R,1
Food,2,Saffron,Female,2022-02-07T00:00:00Z,18,3-5,3,5,L,NA,NA,NA,NA
Food,2,Saffron,Female,2022-02-08T00:00:00Z,19,2-4,2,4,R,NA,NA,R,1
Food,2,Saffron,Female,2022-02-08T00:00:00Z,19,1-3,1,3,R,NA,NA,L,0
Food,2,Saffron,Female,2022-02-08T00:00:00Z,19,3-6,3,6,L,NA,NA,R,0
Food,2,Saffron,Female,2022-02-08T00:00:00Z,19,1-2,1,2,R,NA,NA,R,1
Food,2,Saffron,Female,2022-02-08T00:00:00Z,19,4-5,4,5,R,NA,NA,R,1
Food,2,Saffron,Female,2022-02-09T00:00:00Z,20,2-6,2,6,L,NA,NA,R,0
Food,2,Saffron,Female,2022-02-09T00:00:00Z,20,1-4,1,4,R,NA,NA,R,1
Food,2,Saffron,Female,2022-02-09T00:00:00Z,20,1-5,1,5,R,NA,NA,R,1
Food,2,Saffron,Female,2022-02-09T00:00:00Z,20,1-2,1,2,L,NA,NA,R,0
Food,2,Saffron,Female,2022-02-09T00:00:00Z,20,2-4,2,4,L,NA,NA,L,1
Food,2,Saffron,Female,2022-02-09T00:00:00Z,20,2-5,2,5,L,NA,NA,R,0
Food,2,Saffron,Female,2022-02-09T00:00:00Z,20,1-3,1,3,R,NA,NA,R,1
Food,2,Saffron,Female,2022-02-09T00:00:00Z,20,3-5,3,5,R,NA,NA,NA,NA
Food,2,Saffron,Female,2022-02-11T00:00:00Z,21,3-4,3,4,R,NA,NA,R,1
Food,2,Saffron,Female,2022-02-11T00:00:00Z,21,5-6,5,6,L,NA,NA,R,0
Food,2,Saffron,Female,2022-02-11T00:00:00Z,21,4-6,4,6,R,NA,NA,R,1
Food,2,Saffron,Female,2022-02-12T00:00:00Z,22,1-6,1,6,R,NA,NA,R,1
Food,2,Saffron,Female,2022-02-12T00:00:00Z,22,3-6,3,6,L,NA,NA,R,0
Food,2,Saffron,Female,2022-02-12T00:00:00Z,22,2-3,2,3,L,NA,NA,R,0
Food,2,Saffron,Female,2022-02-12T00:00:00Z,22,4-5,4,5,L,NA,NA,R,0
Food,2,Saffron,Female,2022-02-13T00:00:00Z,23,4-6,4,6,R,NA,NA,L,0
Food,2,Saffron,Female,2022-02-13T00:00:00Z,23,1-3,1,3,R,NA,NA,R,1
Food,2,Saffron,Female,2022-02-13T00:00:00Z,23,1-5,1,5,R,NA,NA,R,1
Food,2,Saffron,Female,2022-02-14T00:00:00Z,24,1-4,1,4,L,NA,NA,R,0
Food,2,Saffron,Female,2022-02-14T00:00:00Z,24,2-3,2,3,L,NA,NA,L,1
Food,2,Saffron,Female,2022-02-15T00:00:00Z,25,3-5,3,5,R,NA,NA,R,1
Food,2,Saffron,Female,2022-02-15T00:00:00Z,25,1-6,1,6,R,NA,NA,R,1
Food,2,Saffron,Female,2022-02-16T00:00:00Z,26,2-6,2,6,L,NA,NA,R,0
Food,2,Saffron,Female,2022-02-16T00:00:00Z,26,2-4,2,4,R,NA,NA,R,1
Food,2,Saffron,Female,2022-02-18T00:00:00Z,27,1-2,1,2,L,NA,NA,L,1
Food,2,Saffron,Female,2022-02-18T00:00:00Z,27,2-5,2,5,L,NA,NA,R,0
Food,2,Saffron,Female,2022-02-18T00:00:00Z,27,3-6,3,6,R,NA,NA,R,1
Food,2,Saffron,Female,2022-02-18T00:00:00Z,27,5-6,5,6,R,NA,NA,R,1
Food,2,Saffron,Female,2022-02-21T00:00:00Z,28,3-4,3,4,L,NA,NA,R,0
Food,2,Saffron,Female,2022-02-22T00:00:00Z,29,1-4,1,4,R,NA,NA,R,1
Food,2,Saffron,Female,2022-02-23T00:00:00Z,30,3-5,3,5,R,NA,NA,R,1
Food,2,Saffron,Female,2022-02-24T00:00:00Z,31,1-2,1,2,L,NA,NA,R,0
Food,2,Saffron,Female,2022-02-24T00:00:00Z,31,2-6,2,6,R,NA,NA,R,1
Food,2,Saffron,Female,2022-02-24T00:00:00Z,31,4-6,4,6,L,NA,NA,R,0
Food,2,Saffron,Female,2022-02-24T00:00:00Z,31,1-5,1,5,R,NA,NA,R,1
Food,2,Saffron,Female,2022-02-24T00:00:00Z,31,1-3,1,3,R,NA,NA,R,1
Food,2,Saffron,Female,2022-02-24T00:00:00Z,31,2-3,2,3,L,NA,NA,R,0
Food,2,Saffron,Female,2022-02-26T00:00:00Z,32,3-4,3,4,R,NA,NA,R,1
Food,2,Saffron,Female,2022-02-26T00:00:00Z,32,3-6,3,6,R,NA,NA,R,1
Food,2,Saffron,Female,2022-02-26T00:00:00Z,32,2-5,2,5,L,NA,NA,R,0
Food,2,Saffron,Female,2022-02-26T00:00:00Z,32,5-6,5,6,R,NA,NA,R,1
Food,2,Saffron,Female,2022-02-26T00:00:00Z,32,4-5,4,5,L,NA,NA,R,0
Food,2,Saffron,Female,2022-02-27T00:00:00Z,33,2-4,2,4,R,NA,NA,R,1
Food,2,Saffron,Female,2022-02-28T00:00:00Z,34,1-6,1,6,L,NA,NA,R,0
Food,2,Saffron,Female,2022-02-28T00:00:00Z,34,3-4,3,4,R,NA,NA,R,1
Food,2,Saffron,Female,2022-02-28T00:00:00Z,35,5-6,5,6,R,NA,NA,R,1
Food,2,Saffron,Female,2022-02-28T00:00:00Z,35,1-6,1,6,L,NA,NA,R,0
Food,2,Saffron,Female,2022-02-28T00:00:00Z,35,4-5,4,5,R,NA,NA,R,1
Food,2,Saffron,Female,2022-03-01T00:00:00Z,36,1-2,1,2,R,NA,NA,R,1
Food,2,Saffron,Female,2022-03-01T00:00:00Z,36,2-3,2,3,R,NA,NA,R,1
Food,2,Saffron,Female,2022-03-01T00:00:00Z,36,2-4,2,4,L,NA,NA,R,0
Food,2,Saffron,Female,2022-03-02T00:00:00Z,37,2-6,2,6,L,NA,NA,R,0
Food,2,Saffron,Female,2022-03-02T00:00:00Z,38,1-3,1,3,L,NA,NA,L,1
Food,2,Saffron,Female,2022-03-02T00:00:00Z,38,1-4,1,4,R,NA,NA,R,1
Food,2,Saffron,Female,2022-03-02T00:00:00Z,38,3-5,3,5,R,NA,NA,NA,NA
Food,2,Saffron,Female,2022-03-03T00:00:00Z,39,3-6,3,6,L,NA,NA,R,0
Food,2,Saffron,Female,2022-03-03T00:00:00Z,39,2-5,2,5,L,NA,NA,R,0
Food,2,Saffron,Female,2022-03-03T00:00:00Z,39,4-6,4,6,R,NA,NA,R,1
Food,2,Saffron,Female,2022-03-04T00:00:00Z,40,1-5,1,5,R,NA,NA,R,1
Food,2,Saffron,Female,2022-03-04T00:00:00Z,40,2-4,2,4,L,NA,NA,R,0
Food,2,Saffron,Female,2022-03-04T00:00:00Z,40,3-6,3,6,R,NA,NA,R,1
Food,2,Saffron,Female,2022-03-04T00:00:00Z,41,3-4,3,4,L,NA,NA,R,0
Food,2,Saffron,Female,2022-03-04T00:00:00Z,41,1-3,1,3,L,NA,NA,R,0
Food,2,Saffron,Female,2022-03-04T00:00:00Z,41,2-5,2,5,L,NA,NA,R,0
Food,2,Saffron,Female,2022-03-04T00:00:00Z,41,1-6,1,6,R,NA,NA,R,1
Food,2,Saffron,Female,2022-03-04T00:00:00Z,41,4-6,4,6,R,NA,NA,R,1
Food,2,Saffron,Female,2022-03-06T00:00:00Z,42,2-6,2,6,R,NA,NA,R,1
Food,2,Saffron,Female,2022-03-07T00:00:00Z,43,1-5,1,5,L,NA,NA,L,1
Food,2,Saffron,Female,2022-03-07T00:00:00Z,44,1-2,1,2,L,NA,NA,R,0
Food,2,Saffron,Female,2022-03-07T00:00:00Z,44,4-5,4,5,R,NA,NA,R,1
Food,2,Saffron,Female,2022-03-08T00:00:00Z,45,3-5,3,5,L,NA,NA,R,0
Food,2,Saffron,Female,2022-03-08T00:00:00Z,45,1-4,1,4,R,NA,NA,R,1
Food,2,Saffron,Female,2022-03-08T00:00:00Z,45,2-3,2,3,L,NA,NA,R,0
Food,2,Saffron,Female,2022-03-08T00:00:00Z,45,5-6,5,6,L,NA,NA,R,0
Social,1,Robin,Female,2021-02-15T00:00:00Z,1,1-3,1,3,R,Cash,Ariel Mork Mulder,L,0
Social,1,Juan,Male,2020-02-27T00:00:00Z,1,1-3,1,3,R,Cash,Scully Mork Mulder,R,1
Social,1,Black Elk,Male,2021-02-15T00:00:00Z,1,1-3,1,3,R,Cash,Ariel Mork Mulder,R,1
Social,1,Rooster,Male,2020-02-27T00:00:00Z,1,1-3,1,3,R,Cash,Scully Mork Mulder,R,1
Social,1,Juniper,Female,2021-02-15T00:00:00Z,1,1-3,1,3,R,Cash,Ariel Mork Mulder,R,1
Social,1,Flute,Female,2021-02-15T00:00:00Z,1,1-3,1,3,R,Cash,Ariel Mork Mulder,L,0
Social,1,Dill,Male,2020-02-27T00:00:00Z,1,1-3,1,3,R,Cash,Scully Mork Mulder,R,1
Social,1,Chicklet,Male,2020-02-27T00:00:00Z,1,1-3,1,3,R,Cash,Scully Mork Mulder,L,0
Social,1,Basil,Male,2021-02-15T00:00:00Z,1,1-3,1,3,R,Cash,Ariel Mork Mulder,R,1
Social,1,Hippolyta,Female,2021-02-15T00:00:00Z,1,1-3,1,3,R,Cash,Ariel Mork Mulder,L,0
Social,1,Juniper,Female,2021-02-16T00:00:00Z,2,1-4,1,4,L,Pease,Mork Egeus Mulder Comanche,R,0
Social,1,Basil,Male,2020-02-28T00:00:00Z,2,1-4,1,4,L,Hagrid,Mork Egeus Mulder Scully,R,0
Social,1,Hippolyta,Female,2021-02-16T00:00:00Z,2,1-4,1,4,L,Pease,Mork Egeus Mulder Comanche,L,1
Social,1,Chicklet,Male,2020-02-28T00:00:00Z,2,1-4,1,4,L,Hagrid,Mork Egeus Mulder Scully,R,0
Social,1,Black Elk,Male,2021-02-16T00:00:00Z,2,1-4,1,4,L,Pease,Mork Egeus Mulder Comanche,R,0
Social,1,Rooster,Male,2020-02-28T00:00:00Z,2,1-4,1,4,L,Hagrid,Mork Egeus Mulder Scully,R,0
Social,1,Robin,Female,2021-02-16T00:00:00Z,2,1-4,1,4,L,Pease,Mork Egeus Mulder Comanche,L,1
Social,1,Flute,Female,2021-02-16T00:00:00Z,2,1-4,1,4,L,Pease,Mork Egeus Mulder Comanche,L,1
Social,1,Dill,Male,2020-02-28T00:00:00Z,2,1-4,1,4,L,Hagrid,Mork Egeus Mulder Scully,R,0
Social,1,Juan,Male,2020-02-28T00:00:00Z,2,1-4,1,4,L,Hagrid,Mork Egeus Mulder Scully,R,0
Social,1,Basil,Male,2021-02-17T00:00:00Z,3,4-5,4,5,R,Zappa Quince Pease Saffron,Egeus Sapphire Mork Comanche Mulder,R,1
Social,1,Hippolyta,Female,2021-02-17T00:00:00Z,3,4-5,4,5,R,Zappa Quince Pease Saffron,Egeus Sapphire Mork Comanche Mulder,R,1
Social,1,Dill,Male,2020-03-02T00:00:00Z,3,4-5,4,5,R,Zappa Hermia Hagrid Saffron,Egeus Sebastian Mork Scully Mulder,R,1
Social,1,Flute,Female,2021-02-17T00:00:00Z,3,4-5,4,5,R,Zappa Quince Pease Saffron,Egeus Sapphire Mork Comanche Mulder,R,1
Social,1,Juniper,Female,2021-02-17T00:00:00Z,3,4-5,4,5,R,Zappa Quince Pease Saffron,Egeus Sapphire Mork Comanche Mulder,R,1
Social,1,Juan,Male,2020-03-02T00:00:00Z,3,4-5,4,5,R,Zappa Hermia Hagrid Saffron,Egeus Sebastian Mork Scully Mulder,R,1
Social,1,Black Elk,Male,2021-02-17T00:00:00Z,3,4-5,4,5,R,Zappa Quince Pease Saffron,Egeus Sapphire Mork Comanche Mulder,R,1
Social,1,Robin,Female,2021-02-17T00:00:00Z,3,4-5,4,5,R,Zappa Quince Pease Saffron,Egeus Sapphire Mork Comanche Mulder,L,0
Social,1,Rooster,Male,2020-03-02T00:00:00Z,3,4-5,4,5,R,Zappa Hermia Hagrid Saffron,Egeus Sebastian Mork Scully Mulder,R,1
Social,1,Chicklet,Male,2020-03-02T00:00:00Z,3,4-5,4,5,R,Zappa Hermia Hagrid Saffron,Egeus Sebastian Mork Scully Mulder,R,1
Social,1,Juniper,Female,2020-07-14T00:00:00Z,4,0-2,0,2,L,0,Mork Egeus,R,0
Social,1,Black Elk,Male,2020-07-14T00:00:00Z,4,0-2,0,2,L,0,Mork Egeus,R,0
Social,1,Basil,Male,2020-03-03T00:00:00Z,4,0-2,0,2,L,0,Mork Egeus,R,0
Social,1,Rooster,Male,2020-03-03T00:00:00Z,4,0-2,0,2,L,0,Mork Egeus,L,1
Social,1,Robin,Female,2020-07-14T00:00:00Z,4,0-2,0,2,L,0,Mork Egeus,L,1
Social,1,Hippolyta,Female,2020-07-14T00:00:00Z,4,0-2,0,2,L,0,Mork Egeus,R,0
Social,1,Dill,Male,2020-03-03T00:00:00Z,4,0-2,0,2,L,0,Mork Egeus,R,0
Social,1,Flute,Female,2020-07-14T00:00:00Z,4,0-2,0,2,L,0,Mork Egeus,R,0
Social,1,Chicklet,Male,2020-03-03T00:00:00Z,4,0-2,0,2,L,0,Mork Egeus,R,0
Social,1,Juan,Male,2020-03-03T00:00:00Z,4,0-2,0,2,L,0,Mork Egeus,R,0
Social,1,Juan,Male,2020-03-04T00:00:00Z,5,3-4,3,4,R,Saffron Hagrid Hermia,Fox Scully Sebastian Mulder,L,0
Social,1,Rooster,Male,2020-03-04T00:00:00Z,5,3-4,3,4,R,Saffron Hagrid Hermia,Fox Scully Sebastian Mulder,L,0
Social,1,Flute,Female,2021-02-18T00:00:00Z,5,3-4,3,4,R,Saffron Pease Quince,Fox Comanche Sapphire Mulder,R,1
Social,1,Juniper,Female,2021-02-18T00:00:00Z,5,3-4,3,4,R,Saffron Pease Quince,Fox Comanche Sapphire Mulder,L,0
Social,1,Robin,Female,2021-02-18T00:00:00Z,5,3-4,3,4,R,Saffron Pease Quince,Fox Comanche Sapphire Mulder,R,1
Social,1,Hippolyta,Female,2021-02-18T00:00:00Z,5,3-4,3,4,R,Saffron Pease Quince,Fox Comanche Sapphire Mulder,L,0
Social,1,Dill,Male,2020-03-04T00:00:00Z,5,3-4,3,4,R,Saffron Hagrid Hermia,Fox Scully Sebastian Mulder,R,1
Social,1,Chicklet,Male,2020-03-04T00:00:00Z,5,3-4,3,4,R,Saffron Hagrid Hermia,Fox Scully Sebastian Mulder,R,1
Social,1,Black Elk,Male,2021-02-18T00:00:00Z,5,3-4,3,4,R,Saffron Pease Quince,Fox Comanche Sapphire Mulder,L,0
Social,1,Basil,Male,2020-03-04T00:00:00Z,5,3-4,3,4,R,Saffron Hagrid Hermia,Fox Scully Sebastian Mulder,R,1
Social,1,Black Elk,Male,2021-02-19T00:00:00Z,6,2-4,2,4,L,Pease Quince,Comanche Fox Sapphire Egeus,R,0
Social,1,Flute,Female,2021-02-19T00:00:00Z,6,2-4,2,4,L,Pease Quince,Comanche Fox Sapphire Egeus,R,0
Social,1,Chicklet,Male,2020-03-05T00:00:00Z,6,2-4,2,4,L,Hagrid Hermia,Scully Fox Sebastian Egeus,R,0
Social,1,Juniper,Female,2021-02-19T00:00:00Z,6,2-4,2,4,L,Pease Quince,Comanche Fox Sapphire Egeus,R,0
Social,1,Juan,Male,2020-03-05T00:00:00Z,6,2-4,2,4,L,Hagrid Hermia,Scully Fox Sebastian Egeus,R,0
Social,1,Basil,Male,2020-03-05T00:00:00Z,6,2-4,2,4,L,Hagrid Hermia,Scully Fox Sebastian Egeus,R,0
Social,1,Robin,Female,2021-02-19T00:00:00Z,6,2-4,2,4,L,Pease Quince,Comanche Fox Sapphire Egeus,L,1
Social,1,Dill,Male,2020-03-05T00:00:00Z,6,2-4,2,4,L,Hagrid Hermia,Scully Fox Sebastian Egeus,R,0
Social,1,Rooster,Male,2020-03-05T00:00:00Z,6,2-4,2,4,L,Hagrid Hermia,Scully Fox Sebastian Egeus,R,0
Social,1,Hippolyta,Female,2021-02-19T00:00:00Z,6,2-4,2,4,L,Pease Quince,Comanche Fox Sapphire Egeus,L,1
Social,1,Flute,Female,2021-02-22T00:00:00Z,7,0-5,0,5,R,0,Fox Mulder Comanche Sapphire Egeus,R,1
Social,1,Rooster,Male,2020-03-06T00:00:00Z,7,0-5,0,5,R,0,Fox Mulder Scully Sebastian Egeus,R,1
Social,1,Juan,Male,2020-03-06T00:00:00Z,7,0-5,0,5,R,0,Fox Mulder Scully Sebastian Egeus,R,1
Social,1,Hippolyta,Female,2021-02-22T00:00:00Z,7,0-5,0,5,R,0,Fox Mulder Comanche Sapphire Egeus,R,1
Social,1,Chicklet,Male,2020-03-06T00:00:00Z,7,0-5,0,5,R,0,Fox Mulder Scully Sebastian Egeus,R,1
Social,1,Dill,Male,2021-02-22T00:00:00Z,7,0-5,0,5,R,0,Fox Mulder Comanche Sapphire Egeus,R,1
Social,1,Basil,Male,2020-03-06T00:00:00Z,7,0-5,0,5,R,0,Fox Mulder Scully Sebastian Egeus,L,0
Social,1,Black Elk,Male,2021-02-22T00:00:00Z,7,0-5,0,5,R,0,Fox Mulder Comanche Sapphire Egeus,L,0
Social,1,Juniper,Female,2021-02-22T00:00:00Z,7,0-5,0,5,R,0,Fox Mulder Comanche Sapphire Egeus,R,1
Social,1,Robin,Female,2021-02-22T00:00:00Z,7,0-5,0,5,R,0,Fox Mulder Comanche Sapphire Egeus,L,0
Social,1,Hippolyta,Female,2020-03-10T00:00:00Z,8,3-5,3,5,L,Saffron Zappa Hagrid,Mork Egeus Sebastian Scully Fox,R,0
Social,1,Basil,Male,2020-03-10T00:00:00Z,8,3-5,3,5,L,Saffron Zappa Hagrid,Mork Egeus Sebastian Scully Fox,L,1
Social,1,Black Elk,Male,2020-03-10T00:00:00Z,8,3-5,3,5,L,Saffron Zappa Hagrid,Mork Egeus Sebastian Scully Fox,L,1
Social,1,Juan,Male,2020-03-10T00:00:00Z,8,3-5,3,5,L,Saffron Zappa Hagrid,Mork Egeus Sebastian Scully Fox,L,1
Social,1,Flute,Female,2020-03-10T00:00:00Z,8,3-5,3,5,L,Saffron Zappa Hagrid,Mork Egeus Sebastian Scully Fox,L,1
Social,1,Robin,Female,2020-03-10T00:00:00Z,8,3-5,3,5,L,Saffron Zappa Hagrid,Mork Egeus Sebastian Scully Fox,L,1
Social,1,Dill,Male,2020-03-10T00:00:00Z,8,3-5,3,5,L,Saffron Zappa Hagrid,Mork Egeus Sebastian Scully Fox,L,1
Social,1,Chicklet,Male,2020-03-10T00:00:00Z,8,3-5,3,5,L,Saffron Zappa Hagrid,Mork Egeus Sebastian Scully Fox,L,1
Social,1,Rooster,Male,2020-03-10T00:00:00Z,8,3-5,3,5,L,Saffron Zappa Hagrid,Mork Egeus Sebastian Scully Fox,L,1
Social,1,Juniper,Female,2020-03-10T00:00:00Z,8,3-5,3,5,L,Saffron Zappa Hagrid,Mork Egeus Sebastian Scully Fox,L,1
Social,1,Juniper,Female,2020-03-11T00:00:00Z,9,1-2,1,2,L,Hagrid,Mulder Fox,R,0
Social,1,Rooster,Male,2020-03-11T00:00:00Z,9,1-2,1,2,L,Hagrid,Mulder Fox,L,1
Social,1,Hippolyta,Female,2020-03-11T00:00:00Z,9,1-2,1,2,L,Hagrid,Mulder Fox,R,0
Social,1,Dill,Male,2020-03-11T00:00:00Z,9,1-2,1,2,L,Hagrid,Mulder Fox,L,1
Social,1,Robin,Female,2020-03-11T00:00:00Z,9,1-2,1,2,L,Hagrid,Mulder Fox,L,1
Social,1,Juan,Male,2020-03-11T00:00:00Z,9,1-2,1,2,L,Hagrid,Mulder Fox,L,1
Social,1,Basil,Male,2020-03-11T00:00:00Z,9,1-2,1,2,L,Hagrid,Mulder Fox,R,0
Social,1,Flute,Female,2020-03-11T00:00:00Z,9,1-2,1,2,L,Hagrid,Mulder Fox,R,0
Social,1,Black Elk,Male,2020-03-11T00:00:00Z,9,1-2,1,2,L,Hagrid,Mulder Fox,R,0
Social,1,Chicklet,Male,2020-03-11T00:00:00Z,9,1-2,1,2,L,Hagrid,Mulder Fox,R,0
Social,1,Rooster,Male,2020-03-30T00:00:00Z,10,2-3,2,3,R,Hermia Saffron,Mork Sebastian Egeus,R,1
Social,1,Juniper,Female,2020-03-30T00:00:00Z,10,2-3,2,3,R,Hermia Saffron,Mork Sebastian Egeus,R,1
Social,1,Hippolyta,Female,2020-03-30T00:00:00Z,10,2-3,2,3,R,Hermia Saffron,Mork Sebastian Egeus,R,1
Social,1,Juan,Male,2020-03-30T00:00:00Z,10,2-3,2,3,R,Hermia Saffron,Mork Sebastian Egeus,L,0
Social,1,Dill,Male,2020-03-30T00:00:00Z,10,2-3,2,3,R,Hermia Saffron,Mork Sebastian Egeus,L,0
Social,1,Basil,Male,2020-03-30T00:00:00Z,10,2-3,2,3,R,Hermia Saffron,Mork Sebastian Egeus,R,1
Social,1,Chicklet,Male,2020-03-30T00:00:00Z,10,2-3,2,3,R,Hermia Saffron,Mork Sebastian Egeus,L,0
Social,1,Flute,Female,2020-03-30T00:00:00Z,10,2-3,2,3,R,Hermia Saffron,Mork Sebastian Egeus,L,0
Social,1,Black Elk,Male,2020-03-30T00:00:00Z,10,2-3,2,3,R,Hermia Saffron,Mork Sebastian Egeus,R,1
Social,1,Robin,Female,2020-03-30T00:00:00Z,10,2-3,2,3,R,Hermia Saffron,Mork Sebastian Egeus,L,0
Social,1,Flute,Female,2020-03-31T00:00:00Z,11,0-4,0,4,L,0,Mork Fox Mulder Scully,L,1
Social,1,Dill,Male,2020-03-31T00:00:00Z,11,0-4,0,4,L,0,Mork Fox Mulder Scully,R,0
Social,1,Hippolyta,Female,2020-03-31T00:00:00Z,11,0-4,0,4,L,0,Mork Fox Mulder Scully,L,1
Social,1,Robin,Female,2020-03-31T00:00:00Z,11,0-4,0,4,L,0,Mork Fox Mulder Scully,R,0
Social,1,Chicklet,Male,2020-03-31T00:00:00Z,11,0-4,0,4,L,0,Mork Fox Mulder Scully,R,0
Social,1,Rooster,Male,2020-03-31T00:00:00Z,11,0-4,0,4,L,0,Mork Fox Mulder Scully,R,0
Social,1,Juniper,Female,2020-03-31T00:00:00Z,11,0-4,0,4,L,0,Mork Fox Mulder Scully,R,0
Social,1,Black Elk,Male,2020-03-31T00:00:00Z,11,0-4,0,4,L,0,Mork Fox Mulder Scully,R,0
Social,1,Juan,Male,2020-03-31T00:00:00Z,11,0-4,0,4,L,0,Mork Fox Mulder Scully,R,0
Social,1,Basil,Male,2020-03-31T00:00:00Z,11,0-4,0,4,L,0,Mork Fox Mulder Scully,R,0
Social,1,Hippolyta,Female,2020-04-01T00:00:00Z,12,4-6,4,6,R,Hagrid Saffron Zappa Hermia,Mulder Fox Sebastian Egeus Scully Mork,R,1
Social,1,Robin,Female,2020-04-01T00:00:00Z,12,4-6,4,6,R,Hagrid Saffron Zappa Hermia,Mulder Fox Sebastian Egeus Scully Mork,L,0
Social,1,Basil,Male,2020-04-01T00:00:00Z,12,4-6,4,6,R,Hagrid Saffron Zappa Hermia,Mulder Fox Sebastian Egeus Scully Mork,R,1
Social,1,Juniper,Female,2020-04-01T00:00:00Z,12,4-6,4,6,R,Hagrid Saffron Zappa Hermia,Mulder Fox Sebastian Egeus Scully Mork,R,1
Social,1,Chicklet,Male,2020-04-01T00:00:00Z,12,4-6,4,6,R,Hagrid Saffron Zappa Hermia,Mulder Fox Sebastian Egeus Scully Mork,L,0
Social,1,Juan,Male,2020-04-01T00:00:00Z,12,4-6,4,6,R,Hagrid Saffron Zappa Hermia,Mulder Fox Sebastian Egeus Scully Mork,L,0
Social,1,Rooster,Male,2020-04-01T00:00:00Z,12,4-6,4,6,R,Hagrid Saffron Zappa Hermia,Mulder Fox Sebastian Egeus Scully Mork,R,1
Social,1,Flute,Female,2020-04-01T00:00:00Z,12,4-6,4,6,R,Hagrid Saffron Zappa Hermia,Mulder Fox Sebastian Egeus Scully Mork,R,1
Social,1,Dill,Male,2020-04-01T00:00:00Z,12,4-6,4,6,R,Hagrid Saffron Zappa Hermia,Mulder Fox Sebastian Egeus Scully Mork,R,1
Social,1,Black Elk,Male,2020-04-01T00:00:00Z,12,4-6,4,6,R,Hagrid Saffron Zappa Hermia,Mulder Fox Sebastian Egeus Scully Mork,R,1
Social,1,Chicklet,Male,2020-04-02T00:00:00Z,13,0-3,0,3,R,0,Mulder Egeus Mork,R,1
Social,1,Dill,Male,2020-04-02T00:00:00Z,13,0-3,0,3,R,0,Mulder Egeus Mork,R,1
Social,1,Juniper,Female,2020-04-02T00:00:00Z,13,0-3,0,3,R,0,Mulder Egeus Mork,R,1
Social,1,Flute,Female,2020-04-02T00:00:00Z,13,0-3,0,3,R,0,Mulder Egeus Mork,R,1
Social,1,Basil,Male,2020-04-02T00:00:00Z,13,0-3,0,3,R,0,Mulder Egeus Mork,L,0
Social,1,Juan,Male,2020-04-02T00:00:00Z,13,0-3,0,3,R,0,Mulder Egeus Mork,R,1
Social,1,Robin,Female,2020-04-02T00:00:00Z,13,0-3,0,3,R,0,Mulder Egeus Mork,L,0
Social,1,Rooster,Male,2020-04-02T00:00:00Z,13,0-3,0,3,R,0,Mulder Egeus Mork,L,0
Social,1,Hippolyta,Female,2020-04-02T00:00:00Z,13,0-3,0,3,R,0,Mulder Egeus Mork,R,1
Social,1,Black Elk,Male,2020-04-02T00:00:00Z,13,0-3,0,3,R,0,Mulder Egeus Mork,R,1
Social,1,Robin,Female,2020-04-03T00:00:00Z,14,5-6,5,6,L,Zappa Saffron Cash Hagrid Hermia,Mork Sebastian Fox Scully Mulder Egeus,L,1
Social,1,Rooster,Male,2020-04-03T00:00:00Z,14,5-6,5,6,L,Zappa Saffron Cash Hagrid Hermia,Mork Sebastian Fox Scully Mulder Egeus,R,0
Social,1,Dill,Male,2020-04-03T00:00:00Z,14,5-6,5,6,L,Zappa Saffron Cash Hagrid Hermia,Mork Sebastian Fox Scully Mulder Egeus,R,0
Social,1,Juniper,Female,2020-04-03T00:00:00Z,14,5-6,5,6,L,Zappa Saffron Cash Hagrid Hermia,Mork Sebastian Fox Scully Mulder Egeus,R,0
Social,1,Black Elk,Male,2020-04-03T00:00:00Z,14,5-6,5,6,L,Zappa Saffron Cash Hagrid Hermia,Mork Sebastian Fox Scully Mulder Egeus,R,0
Social,1,Flute,Female,2020-04-03T00:00:00Z,14,5-6,5,6,L,Zappa Saffron Cash Hagrid Hermia,Mork Sebastian Fox Scully Mulder Egeus,L,1
Social,1,Chicklet,Male,2020-04-03T00:00:00Z,14,5-6,5,6,L,Zappa Saffron Cash Hagrid Hermia,Mork Sebastian Fox Scully Mulder Egeus,R,0
Social,1,Juan,Male,2020-04-03T00:00:00Z,14,5-6,5,6,L,Zappa Saffron Cash Hagrid Hermia,Mork Sebastian Fox Scully Mulder Egeus,R,0
Social,1,Basil,Male,2020-04-03T00:00:00Z,14,5-6,5,6,L,Zappa Saffron Cash Hagrid Hermia,Mork Sebastian Fox Scully Mulder Egeus,R,0
Social,1,Hippolyta,Female,2020-04-03T00:00:00Z,14,5-6,5,6,L,Zappa Saffron Cash Hagrid Hermia,Mork Sebastian Fox Scully Mulder Egeus,L,1
Social,1,Robin,Female,2020-04-06T00:00:00Z,15,1-6,1,6,R,Saffron,Mulder Scully Fox Egeus Sebastian Mork,R,1
Social,1,Rooster,Male,2020-04-06T00:00:00Z,15,1-6,1,6,R,Saffron,Mulder Scully Fox Egeus Sebastian Mork,R,1
Social,1,Flute,Female,2020-04-06T00:00:00Z,15,1-6,1,6,R,Saffron,Mulder Scully Fox Egeus Sebastian Mork,R,1
Social,1,Black Elk,Male,2020-04-06T00:00:00Z,15,1-6,1,6,R,Saffron,Mulder Scully Fox Egeus Sebastian Mork,L,0
Social,1,Juniper,Female,2020-04-06T00:00:00Z,15,1-6,1,6,R,Saffron,Mulder Scully Fox Egeus Sebastian Mork,R,1
Social,1,Hippolyta,Female,2020-04-06T00:00:00Z,15,1-6,1,6,R,Saffron,Mulder Scully Fox Egeus Sebastian Mork,R,1
Social,1,Dill,Male,2020-04-06T00:00:00Z,15,1-6,1,6,R,Saffron,Mulder Scully Fox Egeus Sebastian Mork,R,1
Social,1,Juan,Male,2020-04-06T00:00:00Z,15,1-6,1,6,R,Saffron,Mulder Scully Fox Egeus Sebastian Mork,R,1
Social,1,Basil,Male,2020-04-06T00:00:00Z,15,1-6,1,6,R,Saffron,Mulder Scully Fox Egeus Sebastian Mork,R,1
Social,1,Chicklet,Male,2020-04-06T00:00:00Z,15,1-6,1,6,R,Saffron,Mulder Scully Fox Egeus Sebastian Mork,R,1
Social,1,Robin,Female,2020-04-07T00:00:00Z,16,1-5,1,5,L,Saffron,Mulder Mork Egeus Scully Sebastian,L,1
Social,1,Chicklet,Male,2020-04-07T00:00:00Z,16,1-5,1,5,L,Saffron,Mulder Mork Egeus Scully Sebastian,R,0
Social,1,Basil,Male,2020-04-07T00:00:00Z,16,1-5,1,5,L,Saffron,Mulder Mork Egeus Scully Sebastian,L,1
Social,1,Flute,Female,2020-04-07T00:00:00Z,16,1-5,1,5,L,Saffron,Mulder Mork Egeus Scully Sebastian,L,1
Social,1,Rooster,Male,2020-04-07T00:00:00Z,16,1-5,1,5,L,Saffron,Mulder Mork Egeus Scully Sebastian,R,0
Social,1,Juan,Male,2020-04-07T00:00:00Z,16,1-5,1,5,L,Saffron,Mulder Mork Egeus Scully Sebastian,R,0
Social,1,Black Elk,Male,2020-04-07T00:00:00Z,16,1-5,1,5,L,Saffron,Mulder Mork Egeus Scully Sebastian,R,0
Social,1,Juniper,Female,2020-04-07T00:00:00Z,16,1-5,1,5,L,Saffron,Mulder Mork Egeus Scully Sebastian,R,0
Social,1,Hippolyta,Female,2020-04-07T00:00:00Z,16,1-5,1,5,L,Saffron,Mulder Mork Egeus Scully Sebastian,L,1
Social,1,Dill,Male,2020-04-07T00:00:00Z,16,1-5,1,5,L,Saffron,Mulder Mork Egeus Scully Sebastian,R,0
Social,1,Chicklet,Male,2020-06-02T00:00:00Z,17,2-5,2,5,L,Hermia Cash,Sebastian Fox Scully Mork Mulder,R,0
Social,1,Robin,Female,2020-06-02T00:00:00Z,17,2-5,2,5,L,Hermia Cash,Sebastian Fox Scully Mork Mulder,L,1
Social,1,Hippolyta,Female,2020-06-02T00:00:00Z,17,2-5,2,5,L,Hermia Cash,Sebastian Fox Scully Mork Mulder,L,1
Social,1,Dill,Male,2020-06-02T00:00:00Z,17,2-5,2,5,L,Hermia Cash,Sebastian Fox Scully Mork Mulder,R,0
Social,1,Juniper,Female,2020-06-02T00:00:00Z,17,2-5,2,5,L,Hermia Cash,Sebastian Fox Scully Mork Mulder,R,0
Social,1,Flute,Female,2020-06-02T00:00:00Z,17,2-5,2,5,L,Hermia Cash,Sebastian Fox Scully Mork Mulder,L,1
Social,1,Juan,Male,2020-06-02T00:00:00Z,17,2-5,2,5,L,Hermia Cash,Sebastian Fox Scully Mork Mulder,L,1
Social,1,Black Elk,Male,2020-06-02T00:00:00Z,17,2-5,2,5,L,Hermia Cash,Sebastian Fox Scully Mork Mulder,R,0
Social,1,Basil,Male,2020-06-02T00:00:00Z,17,2-5,2,5,L,Hermia Cash,Sebastian Fox Scully Mork Mulder,R,0
Social,1,Rooster,Male,2020-06-02T00:00:00Z,17,2-5,2,5,L,Hermia Cash,Sebastian Fox Scully Mork Mulder,L,1
Social,1,Juan,Male,2020-06-03T00:00:00Z,18,3-6,3,6,R,Cash Zappa Hermia,Fox Scully Mork Egeus Mulder Sebastian,L,0
Social,1,Juniper,Female,2020-06-03T00:00:00Z,18,3-6,3,6,R,Cash Zappa Hermia,Fox Scully Mork Egeus Mulder Sebastian,R,1
Social,1,Chicklet,Male,2020-06-03T00:00:00Z,18,3-6,3,6,R,Cash Zappa Hermia,Fox Scully Mork Egeus Mulder Sebastian,R,1
Social,1,Robin,Female,2020-06-03T00:00:00Z,18,3-6,3,6,R,Cash Zappa Hermia,Fox Scully Mork Egeus Mulder Sebastian,L,0
Social,1,Dill,Male,2020-06-03T00:00:00Z,18,3-6,3,6,R,Cash Zappa Hermia,Fox Scully Mork Egeus Mulder Sebastian,R,1
Social,1,Rooster,Male,2020-06-03T00:00:00Z,18,3-6,3,6,R,Cash Zappa Hermia,Fox Scully Mork Egeus Mulder Sebastian,L,0
Social,1,Basil,Male,2020-06-03T00:00:00Z,18,3-6,3,6,R,Cash Zappa Hermia,Fox Scully Mork Egeus Mulder Sebastian,R,1
Social,1,Flute,Female,2020-06-03T00:00:00Z,18,3-6,3,6,R,Cash Zappa Hermia,Fox Scully Mork Egeus Mulder Sebastian,R,1
Social,1,Black Elk,Male,2020-06-03T00:00:00Z,18,3-6,3,6,R,Cash Zappa Hermia,Fox Scully Mork Egeus Mulder Sebastian,R,1
Social,1,Hippolyta,Female,2020-06-03T00:00:00Z,18,3-6,3,6,R,Cash Zappa Hermia,Fox Scully Mork Egeus Mulder Sebastian,L,0
Social,1,Dill,Male,2020-06-04T00:00:00Z,19,0-1,0,1,R,0,Scully,R,1
Social,1,Chicklet,Male,2020-06-04T00:00:00Z,19,0-1,0,1,R,0,Scully,R,1
Social,1,Basil,Male,2020-06-04T00:00:00Z,19,0-1,0,1,R,0,Scully,R,1
Social,1,Black Elk,Male,2020-06-04T00:00:00Z,19,0-1,0,1,R,0,Scully,R,1
Social,1,Juniper,Female,2020-06-04T00:00:00Z,19,0-1,0,1,R,0,Scully,R,1
Social,1,Rooster,Male,2020-06-04T00:00:00Z,19,0-1,0,1,R,0,Scully,R,1
Social,1,Robin,Female,2020-06-04T00:00:00Z,19,0-1,0,1,R,0,Scully,R,1
Social,1,Flute,Female,2020-06-04T00:00:00Z,19,0-1,0,1,R,0,Scully,R,1
Social,1,Juan,Male,2020-06-04T00:00:00Z,19,0-1,0,1,R,0,Scully,R,1
Social,1,Hippolyta,Female,2020-06-04T00:00:00Z,19,0-1,0,1,R,0,Scully,L,0
Social,1,Hippolyta,Female,2020-06-05T00:00:00Z,20,2-6,2,6,L,Zappa Cash,Mork Scully Egeus Mulder Sebastian Fox,L,1
Social,1,Flute,Female,2020-06-05T00:00:00Z,20,2-6,2,6,L,Zappa Cash,Mork Scully Egeus Mulder Sebastian Fox,R,0
Social,1,Rooster,Male,2020-06-05T00:00:00Z,20,2-6,2,6,L,Zappa Cash,Mork Scully Egeus Mulder Sebastian Fox,R,0
Social,1,Dill,Male,2020-06-05T00:00:00Z,20,2-6,2,6,L,Zappa Cash,Mork Scully Egeus Mulder Sebastian Fox,R,0
Social,1,Chicklet,Male,2020-06-05T00:00:00Z,20,2-6,2,6,L,Zappa Cash,Mork Scully Egeus Mulder Sebastian Fox,R,0
Social,1,Juan,Male,2020-06-05T00:00:00Z,20,2-6,2,6,L,Zappa Cash,Mork Scully Egeus Mulder Sebastian Fox,R,0
Social,1,Black Elk,Male,2020-06-05T00:00:00Z,20,2-6,2,6,L,Zappa Cash,Mork Scully Egeus Mulder Sebastian Fox,L,1
Social,1,Basil,Male,2020-06-05T00:00:00Z,20,2-6,2,6,L,Zappa Cash,Mork Scully Egeus Mulder Sebastian Fox,L,1
Social,1,Robin,Female,2020-06-05T00:00:00Z,20,2-6,2,6,L,Zappa Cash,Mork Scully Egeus Mulder Sebastian Fox,L,1
Social,1,Juniper,Female,2020-06-05T00:00:00Z,20,2-6,2,6,L,Zappa Cash,Mork Scully Egeus Mulder Sebastian Fox,R,0
Social,1,Juan,Male,2020-06-08T00:00:00Z,21,0-6,0,6,R,0,Sebastian Mulder Fox Mork Egeus Scully,R,1
Social,1,Basil,Male,2020-06-08T00:00:00Z,21,0-6,0,6,R,0,Sebastian Mulder Fox Mork Egeus Scully,R,1
Social,1,Black Elk,Male,2020-06-08T00:00:00Z,21,0-6,0,6,R,0,Sebastian Mulder Fox Mork Egeus Scully,R,1
Social,1,Juniper,Female,2020-06-08T00:00:00Z,21,0-6,0,6,R,0,Sebastian Mulder Fox Mork Egeus Scully,R,1
Social,1,Chicklet,Male,2020-06-08T00:00:00Z,21,0-6,0,6,R,0,Sebastian Mulder Fox Mork Egeus Scully,R,1
Social,1,Robin,Female,2020-06-08T00:00:00Z,21,0-6,0,6,R,0,Sebastian Mulder Fox Mork Egeus Scully,L,0
Social,1,Rooster,Male,2020-06-08T00:00:00Z,21,0-6,0,6,R,0,Sebastian Mulder Fox Mork Egeus Scully,L,0
Social,1,Hippolyta,Female,2020-06-08T00:00:00Z,21,0-6,0,6,R,0,Sebastian Mulder Fox Mork Egeus Scully,R,1
Social,1,Flute,Female,2020-06-08T00:00:00Z,21,0-6,0,6,R,0,Sebastian Mulder Fox Mork Egeus Scully,R,1
Social,1,Dill,Male,2020-06-08T00:00:00Z,21,0-6,0,6,R,0,Sebastian Mulder Fox Mork Egeus Scully,R,1
Social,1,Juniper,Female,2020-06-09T00:00:00Z,22,2-5,2,5,R,Saffron Cash,Sebastian Mork Fox Mulder Scully,R,1
Social,1,Black Elk,Male,2020-06-09T00:00:00Z,22,2-5,2,5,R,Saffron Cash,Sebastian Mork Fox Mulder Scully,R,1
Social,1,Robin,Female,2020-06-09T00:00:00Z,22,2-5,2,5,R,Saffron Cash,Sebastian Mork Fox Mulder Scully,R,1
Social,1,Dill,Male,2020-06-09T00:00:00Z,22,2-5,2,5,R,Saffron Cash,Sebastian Mork Fox Mulder Scully,R,1
Social,1,Hippolyta,Female,2020-06-09T00:00:00Z,22,2-5,2,5,R,Saffron Cash,Sebastian Mork Fox Mulder Scully,L,0
Social,1,Flute,Female,2020-06-09T00:00:00Z,22,2-5,2,5,R,Saffron Cash,Sebastian Mork Fox Mulder Scully,R,1
Social,1,Basil,Male,2020-06-09T00:00:00Z,22,2-5,2,5,R,Saffron Cash,Sebastian Mork Fox Mulder Scully,R,1
Social,1,Rooster,Male,2020-06-09T00:00:00Z,22,2-5,2,5,R,Saffron Cash,Sebastian Mork Fox Mulder Scully,L,0
Social,1,Juan,Male,2020-06-09T00:00:00Z,22,2-5,2,5,R,Saffron Cash,Sebastian Mork Fox Mulder Scully,R,1
Social,1,Chicklet,Male,2020-06-09T00:00:00Z,22,2-5,2,5,R,Saffron Cash,Sebastian Mork Fox Mulder Scully,R,1
Social,1,Rooster,Male,2020-06-11T00:00:00Z,23,0-1,0,1,L,0,Egeus,R,0
Social,1,Chicklet,Male,2020-06-11T00:00:00Z,23,0-1,0,1,L,0,Egeus,R,0
Social,1,Juan,Male,2020-06-11T00:00:00Z,23,0-1,0,1,L,0,Egeus,R,0
Social,1,Hippolyta,Female,2020-06-11T00:00:00Z,23,0-1,0,1,L,0,Egeus,L,1
Social,1,Basil,Male,2020-06-11T00:00:00Z,23,0-1,0,1,L,0,Egeus,R,0
Social,1,Juniper,Female,2020-06-11T00:00:00Z,23,0-1,0,1,L,0,Egeus,R,0
Social,1,Black Elk,Male,2020-06-11T00:00:00Z,23,0-1,0,1,L,0,Egeus,R,0
Social,1,Flute,Female,2020-06-11T00:00:00Z,23,0-1,0,1,L,0,Egeus,L,1
Social,1,Dill,Male,2020-06-11T00:00:00Z,23,0-1,0,1,L,0,Egeus,R,0
Social,1,Robin,Female,2020-06-11T00:00:00Z,23,0-1,0,1,L,0,Egeus,L,1
Social,1,Juniper,Female,2020-06-12T00:00:00Z,24,3-5,3,5,R,Saffron Hagrid Hermia,Mork Scully Fox Sebastian Mulder,L,0
Social,1,Basil,Male,2020-06-12T00:00:00Z,24,3-5,3,5,R,Saffron Hagrid Hermia,Mork Scully Fox Sebastian Mulder,L,0
Social,1,Rooster,Male,2020-06-12T00:00:00Z,24,3-5,3,5,R,Saffron Hagrid Hermia,Mork Scully Fox Sebastian Mulder,L,0
Social,1,Dill,Male,2020-06-12T00:00:00Z,24,3-5,3,5,R,Saffron Hagrid Hermia,Mork Scully Fox Sebastian Mulder,L,0
Social,1,Black Elk,Male,2020-06-12T00:00:00Z,24,3-5,3,5,R,Saffron Hagrid Hermia,Mork Scully Fox Sebastian Mulder,R,1
Social,1,Chicklet,Male,2020-06-12T00:00:00Z,24,3-5,3,5,R,Saffron Hagrid Hermia,Mork Scully Fox Sebastian Mulder,R,1
Social,1,Robin,Female,2020-06-12T00:00:00Z,24,3-5,3,5,R,Saffron Hagrid Hermia,Mork Scully Fox Sebastian Mulder,L,0
Social,1,Flute,Female,2020-06-12T00:00:00Z,24,3-5,3,5,R,Saffron Hagrid Hermia,Mork Scully Fox Sebastian Mulder,L,0
Social,1,Juan,Male,2020-06-12T00:00:00Z,24,3-5,3,5,R,Saffron Hagrid Hermia,Mork Scully Fox Sebastian Mulder,L,0
Social,1,Hippolyta,Female,2020-06-12T00:00:00Z,24,3-5,3,5,R,Saffron Hagrid Hermia,Mork Scully Fox Sebastian Mulder,L,0
Social,1,Hippolyta,Female,2020-06-15T00:00:00Z,25,3-4,3,4,L,Zappa Cash Saffron,Mulder Egeus Sebastian Mork,L,1
Social,1,Juniper,Female,2020-06-15T00:00:00Z,25,3-4,3,4,L,Zappa Cash Saffron,Mulder Egeus Sebastian Mork,R,0
Social,1,Dill,Male,2020-06-15T00:00:00Z,25,3-4,3,4,L,Zappa Cash Saffron,Mulder Egeus Sebastian Mork,R,0
Social,1,Robin,Female,2020-06-15T00:00:00Z,25,3-4,3,4,L,Zappa Cash Saffron,Mulder Egeus Sebastian Mork,R,0
Social,1,Basil,Male,2020-06-15T00:00:00Z,25,3-4,3,4,L,Zappa Cash Saffron,Mulder Egeus Sebastian Mork,R,0
Social,1,Black Elk,Male,2020-06-15T00:00:00Z,25,3-4,3,4,L,Zappa Cash Saffron,Mulder Egeus Sebastian Mork,R,0
Social,1,Flute,Female,2020-06-15T00:00:00Z,25,3-4,3,4,L,Zappa Cash Saffron,Mulder Egeus Sebastian Mork,R,0
Social,1,Rooster,Male,2020-06-15T00:00:00Z,25,3-4,3,4,L,Zappa Cash Saffron,Mulder Egeus Sebastian Mork,R,0
Social,1,Chicklet,Male,2020-06-15T00:00:00Z,25,3-4,3,4,L,Zappa Cash Saffron,Mulder Egeus Sebastian Mork,R,0
Social,1,Juan,Male,2020-06-15T00:00:00Z,25,3-4,3,4,L,Zappa Cash Saffron,Mulder Egeus Sebastian Mork,R,0
Social,1,Robin,Female,2020-06-23T00:00:00Z,26,4-5,4,5,R,Zappa Saffron Cash Hermia,Mork Scully Sebastian Egeus Mulder,R,1
Social,1,Juan,Male,2020-06-23T00:00:00Z,26,4-5,4,5,R,Zappa Saffron Cash Hermia,Mork Scully Sebastian Egeus Mulder,R,1
Social,1,Black Elk,Male,2020-06-23T00:00:00Z,26,4-5,4,5,R,Zappa Saffron Cash Hermia,Mork Scully Sebastian Egeus Mulder,L,0
Social,1,Rooster,Male,2020-06-23T00:00:00Z,26,4-5,4,5,R,Zappa Saffron Cash Hermia,Mork Scully Sebastian Egeus Mulder,L,0
Social,1,Hippolyta,Female,2020-06-23T00:00:00Z,26,4-5,4,5,R,Zappa Saffron Cash Hermia,Mork Scully Sebastian Egeus Mulder,L,0
Social,1,Juniper,Female,2020-06-23T00:00:00Z,26,4-5,4,5,R,Zappa Saffron Cash Hermia,Mork Scully Sebastian Egeus Mulder,R,1
Social,1,Flute,Female,2020-06-23T00:00:00Z,26,4-5,4,5,R,Zappa Saffron Cash Hermia,Mork Scully Sebastian Egeus Mulder,L,0
Social,1,Chicklet,Male,2020-06-23T00:00:00Z,26,4-5,4,5,R,Zappa Saffron Cash Hermia,Mork Scully Sebastian Egeus Mulder,R,1
Social,1,Basil,Male,2020-06-23T00:00:00Z,26,4-5,4,5,R,Zappa Saffron Cash Hermia,Mork Scully Sebastian Egeus Mulder,L,0
Social,1,Dill,Male,2020-06-23T00:00:00Z,26,4-5,4,5,R,Zappa Saffron Cash Hermia,Mork Scully Sebastian Egeus Mulder,R,1
Social,1,Flute,Female,2020-06-24T00:00:00Z,27,2-3,2,3,L,Saffron Hermia,Sebastian Mork Egeus,L,1
Social,1,Juniper,Female,2020-06-24T00:00:00Z,27,2-3,2,3,L,Saffron Hermia,Sebastian Mork Egeus,L,1
Social,1,Chicklet,Male,2020-06-24T00:00:00Z,27,2-3,2,3,L,Saffron Hermia,Sebastian Mork Egeus,R,0
Social,1,Hippolyta,Female,2020-06-24T00:00:00Z,27,2-3,2,3,L,Saffron Hermia,Sebastian Mork Egeus,R,0
Social,1,Black Elk,Male,2020-06-24T00:00:00Z,27,2-3,2,3,L,Saffron Hermia,Sebastian Mork Egeus,R,0
Social,1,Basil,Male,2020-06-24T00:00:00Z,27,2-3,2,3,L,Saffron Hermia,Sebastian Mork Egeus,L,1
Social,1,Dill,Male,2020-06-24T00:00:00Z,27,2-3,2,3,L,Saffron Hermia,Sebastian Mork Egeus,L,1
Social,1,Robin,Female,2020-06-24T00:00:00Z,27,2-3,2,3,L,Saffron Hermia,Sebastian Mork Egeus,L,1
Social,1,Rooster,Male,2020-06-24T00:00:00Z,27,2-3,2,3,L,Saffron Hermia,Sebastian Mork Egeus,L,1
Social,1,Juan,Male,2020-06-24T00:00:00Z,27,2-3,2,3,L,Saffron Hermia,Sebastian Mork Egeus,R,0
Social,1,Dill,Male,2020-06-25T00:00:00Z,28,1-2,1,2,R,Hermia,Mork Sebastian,R,1
Social,1,Chicklet,Male,2020-06-25T00:00:00Z,28,1-2,1,2,R,Hermia,Mork Sebastian,R,1
Social,1,Juan,Male,2020-06-25T00:00:00Z,28,1-2,1,2,R,Hermia,Mork Sebastian,R,1
Social,1,Black Elk,Male,2020-06-25T00:00:00Z,28,1-2,1,2,R,Hermia,Mork Sebastian,R,1
Social,1,Juniper,Female,2020-06-25T00:00:00Z,28,1-2,1,2,R,Hermia,Mork Sebastian,R,1
Social,1,Rooster,Male,2020-06-25T00:00:00Z,28,1-2,1,2,R,Hermia,Mork Sebastian,R,1
Social,1,Basil,Male,2020-06-25T00:00:00Z,28,1-2,1,2,R,Hermia,Mork Sebastian,R,1
Social,1,Hippolyta,Female,2020-06-25T00:00:00Z,28,1-2,1,2,R,Hermia,Mork Sebastian,R,1
Social,1,Flute,Female,2020-06-25T00:00:00Z,28,1-2,1,2,R,Hermia,Mork Sebastian,L,0
Social,1,Robin,Female,2020-06-25T00:00:00Z,28,1-2,1,2,R,Hermia,Mork Sebastian,R,1
Social,1,Chicklet,Male,2020-07-01T00:00:00Z,29,0-2,0,2,L,0,Egeus Mork,L,1
Social,1,Rooster,Male,2020-07-01T00:00:00Z,29,0-2,0,2,L,0,Egeus Mork,L,1
Social,1,Black Elk,Male,2020-07-01T00:00:00Z,29,0-2,0,2,L,0,Egeus Mork,L,1
Social,1,Hippolyta,Female,2020-07-01T00:00:00Z,29,0-2,0,2,L,0,Egeus Mork,L,1
Social,1,Flute,Female,2020-07-01T00:00:00Z,29,0-2,0,2,L,0,Egeus Mork,L,1
Social,1,Juniper,Female,2020-07-01T00:00:00Z,29,0-2,0,2,L,0,Egeus Mork,L,1
Social,1,Dill,Male,2020-07-01T00:00:00Z,29,0-2,0,2,L,0,Egeus Mork,L,1
Social,1,Basil,Male,2020-07-01T00:00:00Z,29,0-2,0,2,L,0,Egeus Mork,L,1
Social,1,Robin,Female,2020-07-01T00:00:00Z,29,0-2,0,2,L,0,Egeus Mork,L,1
Social,1,Juan,Male,2020-07-01T00:00:00Z,29,0-2,0,2,L,0,Egeus Mork,L,1
Social,1,Black Elk,Male,2020-07-07T00:00:00Z,30,0-4,0,4,R,0,Mulder Fox Sebastian Scully,R,1
Social,1,Dill,Male,2020-07-07T00:00:00Z,30,0-4,0,4,R,0,Mulder Fox Sebastian Scully,R,1
Social,1,Chicklet,Male,2020-07-07T00:00:00Z,30,0-4,0,4,R,0,Mulder Fox Sebastian Scully,L,0
Social,1,Basil,Male,2020-07-07T00:00:00Z,30,0-4,0,4,R,0,Mulder Fox Sebastian Scully,L,0
Social,1,Juan,Male,2020-07-07T00:00:00Z,30,0-4,0,4,R,0,Mulder Fox Sebastian Scully,R,1
Social,1,Robin,Female,2020-07-07T00:00:00Z,30,0-4,0,4,R,0,Mulder Fox Sebastian Scully,L,0
Social,1,Hippolyta,Female,2020-07-07T00:00:00Z,30,0-4,0,4,R,0,Mulder Fox Sebastian Scully,L,0
Social,1,Flute,Female,2020-07-07T00:00:00Z,30,0-4,0,4,R,0,Mulder Fox Sebastian Scully,L,0
Social,1,Rooster,Male,2020-07-07T00:00:00Z,30,0-4,0,4,R,0,Mulder Fox Sebastian Scully,L,0
Social,1,Juniper,Female,2020-07-07T00:00:00Z,30,0-4,0,4,R,0,Mulder Fox Sebastian Scully,R,1
Social,1,Robin,Female,2020-07-08T00:00:00Z,31,1-6,1,6,L,Zappa,Egeus Mork Sebastian Mulder Fox Scully,L,1
Social,1,Rooster,Male,2020-07-08T00:00:00Z,31,1-6,1,6,L,Zappa,Egeus Mork Sebastian Mulder Fox Scully,L,1
Social,1,Dill,Male,2020-07-08T00:00:00Z,31,1-6,1,6,L,Zappa,Egeus Mork Sebastian Mulder Fox Scully,L,1
Social,1,Juniper,Female,2020-07-08T00:00:00Z,31,1-6,1,6,L,Zappa,Egeus Mork Sebastian Mulder Fox Scully,L,1
Social,1,Hippolyta,Female,2020-07-08T00:00:00Z,31,1-6,1,6,L,Zappa,Egeus Mork Sebastian Mulder Fox Scully,L,1
Social,1,Basil,Male,2020-07-08T00:00:00Z,31,1-6,1,6,L,Zappa,Egeus Mork Sebastian Mulder Fox Scully,R,0
Social,1,Black Elk,Male,2020-07-08T00:00:00Z,31,1-6,1,6,L,Zappa,Egeus Mork Sebastian Mulder Fox Scully,R,0
Social,1,Chicklet,Male,2020-07-08T00:00:00Z,31,1-6,1,6,L,Zappa,Egeus Mork Sebastian Mulder Fox Scully,R,0
Social,1,Flute,Female,2020-07-08T00:00:00Z,31,1-6,1,6,L,Zappa,Egeus Mork Sebastian Mulder Fox Scully,R,0
Social,1,Juan,Male,2020-07-08T00:00:00Z,31,1-6,1,6,L,Zappa,Egeus Mork Sebastian Mulder Fox Scully,R,0
Social,1,Hippolyta,Female,2020-07-09T00:00:00Z,32,4-6,4,6,L,Hagrid Quince Cash Zappa,Scully Mulder Sebastian Mork Fox Egeus,L,1
Social,1,Juan,Male,2020-07-09T00:00:00Z,32,4-6,4,6,L,Hagrid Quince Cash Zappa,Scully Mulder Sebastian Mork Fox Egeus,R,0
Social,1,Basil,Male,2020-07-09T00:00:00Z,32,4-6,4,6,L,Hagrid Quince Cash Zappa,Scully Mulder Sebastian Mork Fox Egeus,R,0
Social,1,Robin,Female,2020-07-09T00:00:00Z,32,4-6,4,6,L,Hagrid Quince Cash Zappa,Scully Mulder Sebastian Mork Fox Egeus,L,1
Social,1,Black Elk,Male,2020-07-09T00:00:00Z,32,4-6,4,6,L,Hagrid Quince Cash Zappa,Scully Mulder Sebastian Mork Fox Egeus,R,0
Social,1,Rooster,Male,2020-07-09T00:00:00Z,32,4-6,4,6,L,Hagrid Quince Cash Zappa,Scully Mulder Sebastian Mork Fox Egeus,R,0
Social,1,Flute,Female,2020-07-09T00:00:00Z,32,4-6,4,6,L,Hagrid Quince Cash Zappa,Scully Mulder Sebastian Mork Fox Egeus,R,0
Social,1,Chicklet,Male,2020-07-09T00:00:00Z,32,4-6,4,6,L,Hagrid Quince Cash Zappa,Scully Mulder Sebastian Mork Fox Egeus,R,0
Social,1,Juniper,Female,2020-07-09T00:00:00Z,32,4-6,4,6,L,Hagrid Quince Cash Zappa,Scully Mulder Sebastian Mork Fox Egeus,R,0
Social,1,Dill,Male,2020-07-09T00:00:00Z,32,4-6,4,6,L,Hagrid Quince Cash Zappa,Scully Mulder Sebastian Mork Fox Egeus,L,1
Social,1,Hippolyta,Female,2020-07-10T00:00:00Z,33,5-6,5,6,R,Zappa Saffron Quince Cash Hagrid,Scully Mork Sebastian Mulder Egeus Fox,L,0
Social,1,Dill,Male,2020-07-10T00:00:00Z,33,5-6,5,6,R,Zappa Saffron Quince Cash Hagrid,Scully Mork Sebastian Mulder Egeus Fox,R,1
Social,1,Robin,Female,2020-07-10T00:00:00Z,33,5-6,5,6,R,Zappa Saffron Quince Cash Hagrid,Scully Mork Sebastian Mulder Egeus Fox,L,0
Social,1,Rooster,Male,2020-07-10T00:00:00Z,33,5-6,5,6,R,Zappa Saffron Quince Cash Hagrid,Scully Mork Sebastian Mulder Egeus Fox,L,0
Social,1,Juan,Male,2020-07-10T00:00:00Z,33,5-6,5,6,R,Zappa Saffron Quince Cash Hagrid,Scully Mork Sebastian Mulder Egeus Fox,R,1
Social,1,Juniper,Female,2020-07-10T00:00:00Z,33,5-6,5,6,R,Zappa Saffron Quince Cash Hagrid,Scully Mork Sebastian Mulder Egeus Fox,R,1
Social,1,Basil,Male,2020-07-10T00:00:00Z,33,5-6,5,6,R,Zappa Saffron Quince Cash Hagrid,Scully Mork Sebastian Mulder Egeus Fox,L,0
Social,1,Flute,Female,2020-07-10T00:00:00Z,33,5-6,5,6,R,Zappa Saffron Quince Cash Hagrid,Scully Mork Sebastian Mulder Egeus Fox,R,1
Social,1,Black Elk,Male,2020-07-10T00:00:00Z,33,5-6,5,6,R,Zappa Saffron Quince Cash Hagrid,Scully Mork Sebastian Mulder Egeus Fox,R,1
Social,1,Chicklet,Male,2020-07-10T00:00:00Z,33,5-6,5,6,R,Zappa Saffron Quince Cash Hagrid,Scully Mork Sebastian Mulder Egeus Fox,R,1
Social,1,Dill,Male,2020-07-13T00:00:00Z,34,1-4,1,4,L,Cash,Mulder Fox Egeus Mork,R,0
Social,1,Juniper,Female,2020-07-13T00:00:00Z,34,1-4,1,4,L,Cash,Mulder Fox Egeus Mork,R,0
Social,1,Basil,Male,2020-07-13T00:00:00Z,34,1-4,1,4,L,Cash,Mulder Fox Egeus Mork,L,1
Social,1,Hippolyta,Female,2020-07-13T00:00:00Z,34,1-4,1,4,L,Cash,Mulder Fox Egeus Mork,L,1
Social,1,Black Elk,Male,2020-07-13T00:00:00Z,34,1-4,1,4,L,Cash,Mulder Fox Egeus Mork,R,0
Social,1,Flute,Female,2020-07-13T00:00:00Z,34,1-4,1,4,L,Cash,Mulder Fox Egeus Mork,R,0
Social,1,Rooster,Male,2020-07-13T00:00:00Z,34,1-4,1,4,L,Cash,Mulder Fox Egeus Mork,R,0
Social,1,Chicklet,Male,2020-07-13T00:00:00Z,34,1-4,1,4,L,Cash,Mulder Fox Egeus Mork,R,0
Social,1,Juan,Male,2020-07-13T00:00:00Z,34,1-4,1,4,L,Cash,Mulder Fox Egeus Mork,R,0
Social,1,Robin,Female,2020-07-13T00:00:00Z,34,1-4,1,4,L,Cash,Mulder Fox Egeus Mork,L,1
Social,1,Basil,Male,2020-07-15T00:00:00Z,35,3-6,3,6,R,Zappa Saffron Quince,Mork Mulder Sebastian Fox Egeus Ariel,R,1
Social,1,Black Elk,Male,2020-07-15T00:00:00Z,35,3-6,3,6,R,Zappa Saffron Quince,Mork Mulder Sebastian Fox Egeus Ariel,L,0
Social,1,Juan,Male,2020-07-15T00:00:00Z,35,3-6,3,6,R,Zappa Saffron Quince,Mork Mulder Sebastian Fox Egeus Ariel,L,0
Social,1,Flute,Female,2020-07-15T00:00:00Z,35,3-6,3,6,R,Zappa Saffron Quince,Mork Mulder Sebastian Fox Egeus Ariel,L,0
Social,1,Robin,Female,2020-07-15T00:00:00Z,35,3-6,3,6,R,Zappa Saffron Quince,Mork Mulder Sebastian Fox Egeus Ariel,R,1
Social,1,Dill,Male,2020-07-15T00:00:00Z,35,3-6,3,6,R,Zappa Saffron Quince,Mork Mulder Sebastian Fox Egeus Ariel,L,0
Social,1,Juniper,Female,2020-07-15T00:00:00Z,35,3-6,3,6,R,Zappa Saffron Quince,Mork Mulder Sebastian Fox Egeus Ariel,L,0
Social,1,Hippolyta,Female,2020-07-15T00:00:00Z,35,3-6,3,6,R,Zappa Saffron Quince,Mork Mulder Sebastian Fox Egeus Ariel,L,0
Social,1,Rooster,Male,2020-07-15T00:00:00Z,35,3-6,3,6,R,Zappa Saffron Quince,Mork Mulder Sebastian Fox Egeus Ariel,R,1
Social,1,Chicklet,Male,2020-07-15T00:00:00Z,35,3-6,3,6,R,Zappa Saffron Quince,Mork Mulder Sebastian Fox Egeus Ariel,L,0
Social,1,Robin,Female,2020-07-16T00:00:00Z,36,0-3,0,3,R,0,Fox Egeus Mulder,L,0
Social,1,Juan,Male,2020-07-16T00:00:00Z,36,0-3,0,3,R,0,Fox Egeus Mulder,R,1
Social,1,Dill,Male,2020-07-16T00:00:00Z,36,0-3,0,3,R,0,Fox Egeus Mulder,R,1
Social,1,Basil,Male,2020-07-16T00:00:00Z,36,0-3,0,3,R,0,Fox Egeus Mulder,R,1
Social,1,Rooster,Male,2020-07-16T00:00:00Z,36,0-3,0,3,R,0,Fox Egeus Mulder,R,1
Social,1,Juniper,Female,2020-07-16T00:00:00Z,36,0-3,0,3,R,0,Fox Egeus Mulder,R,1
Social,1,Hippolyta,Female,2020-07-16T00:00:00Z,36,0-3,0,3,R,0,Fox Egeus Mulder,L,0
Social,1,Chicklet,Male,2020-07-16T00:00:00Z,36,0-3,0,3,R,0,Fox Egeus Mulder,R,1
Social,1,Flute,Female,2020-07-16T00:00:00Z,36,0-3,0,3,R,0,Fox Egeus Mulder,L,0
Social,1,Black Elk,Male,2020-07-16T00:00:00Z,36,0-3,0,3,R,0,Fox Egeus Mulder,R,1
Social,1,Basil,Male,2020-07-17T00:00:00Z,37,0-6,0,6,L,0,Fox Mork Mulder Sebastian Ariel Egeus,L,1
Social,1,Flute,Female,2020-07-17T00:00:00Z,37,0-6,0,6,L,0,Fox Mork Mulder Sebastian Ariel Egeus,R,0
Social,1,Black Elk,Male,2020-07-17T00:00:00Z,37,0-6,0,6,L,0,Fox Mork Mulder Sebastian Ariel Egeus,R,0
Social,1,Robin,Female,2020-07-17T00:00:00Z,37,0-6,0,6,L,0,Fox Mork Mulder Sebastian Ariel Egeus,L,1
Social,1,Rooster,Male,2020-07-17T00:00:00Z,37,0-6,0,6,L,0,Fox Mork Mulder Sebastian Ariel Egeus,R,0
Social,1,Chicklet,Male,2020-07-17T00:00:00Z,37,0-6,0,6,L,0,Fox Mork Mulder Sebastian Ariel Egeus,R,0
Social,1,Juniper,Female,2020-07-17T00:00:00Z,37,0-6,0,6,L,0,Fox Mork Mulder Sebastian Ariel Egeus,R,0
Social,1,Dill,Male,2020-07-17T00:00:00Z,37,0-6,0,6,L,0,Fox Mork Mulder Sebastian Ariel Egeus,R,0
Social,1,Juan,Male,2020-07-17T00:00:00Z,37,0-6,0,6,L,0,Fox Mork Mulder Sebastian Ariel Egeus,R,0
Social,1,Hippolyta,Female,2020-07-17T00:00:00Z,37,0-6,0,6,L,0,Fox Mork Mulder Sebastian Ariel Egeus,R,0
Social,1,Dill,Male,2020-07-20T00:00:00Z,38,2-4,2,4,L,Zappa Cash,Mork Sebastian Mulder Egeus,R,0
Social,1,Hippolyta,Female,2020-07-20T00:00:00Z,38,2-4,2,4,L,Zappa Cash,Mork Sebastian Mulder Egeus,R,0
Social,1,Juan,Male,2020-07-20T00:00:00Z,38,2-4,2,4,L,Zappa Cash,Mork Sebastian Mulder Egeus,R,0
Social,1,Juniper,Female,2020-07-20T00:00:00Z,38,2-4,2,4,L,Zappa Cash,Mork Sebastian Mulder Egeus,R,0
Social,1,Flute,Female,2020-07-20T00:00:00Z,38,2-4,2,4,L,Zappa Cash,Mork Sebastian Mulder Egeus,L,1
Social,1,Chicklet,Male,2020-07-20T00:00:00Z,38,2-4,2,4,L,Zappa Cash,Mork Sebastian Mulder Egeus,R,0
Social,1,Basil,Male,2020-07-20T00:00:00Z,38,2-4,2,4,L,Zappa Cash,Mork Sebastian Mulder Egeus,L,1
Social,1,Rooster,Male,2020-07-20T00:00:00Z,38,2-4,2,4,L,Zappa Cash,Mork Sebastian Mulder Egeus,R,0
Social,1,Robin,Female,2020-07-20T00:00:00Z,38,2-4,2,4,L,Zappa Cash,Mork Sebastian Mulder Egeus,L,1
Social,1,Black Elk,Male,2020-07-20T00:00:00Z,38,2-4,2,4,L,Zappa Cash,Mork Sebastian Mulder Egeus,R,0
Social,1,Juan,Male,2020-07-21T00:00:00Z,39,0-5,0,5,R,0,Fox Mulder Ariel Sebastian Mork,R,1
Social,1,Hippolyta,Female,2020-07-21T00:00:00Z,39,0-5,0,5,R,0,Fox Mulder Ariel Sebastian Mork,L,0
Social,1,Flute,Female,2020-07-21T00:00:00Z,39,0-5,0,5,R,0,Fox Mulder Ariel Sebastian Mork,R,1
Social,1,Dill,Male,2020-07-21T00:00:00Z,39,0-5,0,5,R,0,Fox Mulder Ariel Sebastian Mork,R,1
Social,1,Rooster,Male,2020-07-21T00:00:00Z,39,0-5,0,5,R,0,Fox Mulder Ariel Sebastian Mork,R,1
Social,1,Basil,Male,2020-07-21T00:00:00Z,39,0-5,0,5,R,0,Fox Mulder Ariel Sebastian Mork,R,1
Social,1,Robin,Female,2020-07-21T00:00:00Z,39,0-5,0,5,R,0,Fox Mulder Ariel Sebastian Mork,R,1
Social,1,Chicklet,Male,2020-07-21T00:00:00Z,39,0-5,0,5,R,0,Fox Mulder Ariel Sebastian Mork,R,1
Social,1,Juniper,Female,2020-07-21T00:00:00Z,39,0-5,0,5,R,0,Fox Mulder Ariel Sebastian Mork,R,1
Social,1,Black Elk,Male,2020-07-21T00:00:00Z,39,0-5,0,5,R,0,Fox Mulder Ariel Sebastian Mork,R,1
Social,1,Chicklet,Male,2020-07-22T00:00:00Z,40,1-5,1,5,R,Zappa,Ariel Mulder Sebastian Egeus Mork,R,1
Social,1,Rooster,Male,2020-07-22T00:00:00Z,40,1-5,1,5,R,Zappa,Ariel Mulder Sebastian Egeus Mork,L,0
Social,1,Juniper,Female,2020-07-22T00:00:00Z,40,1-5,1,5,R,Zappa,Ariel Mulder Sebastian Egeus Mork,R,1
Social,1,Flute,Female,2020-07-22T00:00:00Z,40,1-5,1,5,R,Zappa,Ariel Mulder Sebastian Egeus Mork,R,1
Social,1,Black Elk,Male,2020-07-22T00:00:00Z,40,1-5,1,5,R,Zappa,Ariel Mulder Sebastian Egeus Mork,R,1
Social,1,Robin,Female,2020-07-22T00:00:00Z,40,1-5,1,5,R,Zappa,Ariel Mulder Sebastian Egeus Mork,L,0
Social,1,Dill,Male,2020-07-22T00:00:00Z,40,1-5,1,5,R,Zappa,Ariel Mulder Sebastian Egeus Mork,R,1
Social,1,Basil,Male,2020-07-22T00:00:00Z,40,1-5,1,5,R,Zappa,Ariel Mulder Sebastian Egeus Mork,L,0
Social,1,Hippolyta,Female,2020-07-22T00:00:00Z,40,1-5,1,5,R,Zappa,Ariel Mulder Sebastian Egeus Mork,L,0
Social,1,Juan,Male,2020-07-22T00:00:00Z,40,1-5,1,5,R,Zappa,Ariel Mulder Sebastian Egeus Mork,R,1
Social,1,Chicklet,Male,2020-07-23T00:00:00Z,41,1-3,1,3,L,Cash,Sebastian Ariel Egeus,L,1
Social,1,Flute,Female,2020-07-23T00:00:00Z,41,1-3,1,3,L,Cash,Sebastian Ariel Egeus,L,1
Social,1,Basil,Male,2020-07-23T00:00:00Z,41,1-3,1,3,L,Cash,Sebastian Ariel Egeus,L,1
Social,1,Robin,Female,2020-07-23T00:00:00Z,41,1-3,1,3,L,Cash,Sebastian Ariel Egeus,L,1
Social,1,Juan,Male,2020-07-23T00:00:00Z,41,1-3,1,3,L,Cash,Sebastian Ariel Egeus,L,1
Social,1,Juniper,Female,2020-07-23T00:00:00Z,41,1-3,1,3,L,Cash,Sebastian Ariel Egeus,R,0
Social,1,Dill,Male,2020-07-23T00:00:00Z,41,1-3,1,3,L,Cash,Sebastian Ariel Egeus,L,1
Social,1,Hippolyta,Female,2020-07-23T00:00:00Z,41,1-3,1,3,L,Cash,Sebastian Ariel Egeus,L,1
Social,1,Rooster,Male,2020-07-23T00:00:00Z,41,1-3,1,3,L,Cash,Sebastian Ariel Egeus,L,1
Social,1,Black Elk,Male,2020-07-23T00:00:00Z,41,1-3,1,3,L,Cash,Sebastian Ariel Egeus,L,1
Social,1,Hippolyta,Female,2020-07-24T00:00:00Z,42,2-6,2,6,R,Saffron Zappa,Mork Egeus Fox Mulder Ariel Sebastian,R,1
Social,1,Basil,Male,2020-07-24T00:00:00Z,42,2-6,2,6,R,Saffron Zappa,Mork Egeus Fox Mulder Ariel Sebastian,L,0
Social,1,Chicklet,Male,2020-07-24T00:00:00Z,42,2-6,2,6,R,Saffron Zappa,Mork Egeus Fox Mulder Ariel Sebastian,R,1
Social,1,Rooster,Male,2020-07-24T00:00:00Z,42,2-6,2,6,R,Saffron Zappa,Mork Egeus Fox Mulder Ariel Sebastian,R,1
Social,1,Juan,Male,2020-07-24T00:00:00Z,42,2-6,2,6,R,Saffron Zappa,Mork Egeus Fox Mulder Ariel Sebastian,R,1
Social,1,Robin,Female,2020-07-24T00:00:00Z,42,2-6,2,6,R,Saffron Zappa,Mork Egeus Fox Mulder Ariel Sebastian,L,0
Social,1,Juniper,Female,2020-07-24T00:00:00Z,42,2-6,2,6,R,Saffron Zappa,Mork Egeus Fox Mulder Ariel Sebastian,R,1
Social,1,Flute,Female,2020-07-24T00:00:00Z,42,2-6,2,6,R,Saffron Zappa,Mork Egeus Fox Mulder Ariel Sebastian,R,1
Social,1,Black Elk,Male,2020-07-24T00:00:00Z,42,2-6,2,6,R,Saffron Zappa,Mork Egeus Fox Mulder Ariel Sebastian,R,1
Social,1,Dill,Male,2020-07-24T00:00:00Z,42,2-6,2,6,R,Saffron Zappa,Mork Egeus Fox Mulder Ariel Sebastian,L,0
Social,1,Juniper,Female,2020-07-27T00:00:00Z,43,0-3,0,3,R,0,Egeus Fox Sebastian,R,1
Social,1,Hippolyta,Female,2020-07-27T00:00:00Z,43,0-3,0,3,R,0,Egeus Fox Sebastian,R,1
Social,1,Rooster,Male,2020-07-27T00:00:00Z,43,0-3,0,3,R,0,Egeus Fox Sebastian,L,0
Social,1,Basil,Male,2020-07-27T00:00:00Z,43,0-3,0,3,R,0,Egeus Fox Sebastian,R,1
Social,1,Chicklet,Male,2020-07-27T00:00:00Z,43,0-3,0,3,R,0,Egeus Fox Sebastian,R,1
Social,1,Dill,Male,2020-07-27T00:00:00Z,43,0-3,0,3,R,0,Egeus Fox Sebastian,L,0
Social,1,Juan,Male,2020-07-27T00:00:00Z,43,0-3,0,3,R,0,Egeus Fox Sebastian,R,1
Social,1,Flute,Female,2020-07-27T00:00:00Z,43,0-3,0,3,R,0,Egeus Fox Sebastian,R,1
Social,1,Black Elk,Male,2020-07-27T00:00:00Z,43,0-3,0,3,R,0,Egeus Fox Sebastian,L,0
Social,1,Robin,Female,2020-07-27T00:00:00Z,43,0-3,0,3,R,0,Egeus Fox Sebastian,L,0
Social,1,Black Elk,Male,2020-07-28T00:00:00Z,44,3-4,3,4,L,Hagrid Cash Saffron,Mork Sebastian Ariel Fox,L,1
Social,1,Basil,Male,2020-07-28T00:00:00Z,44,3-4,3,4,L,Hagrid Cash Saffron,Mork Sebastian Ariel Fox,R,0
Social,1,Flute,Female,2020-07-28T00:00:00Z,44,3-4,3,4,L,Hagrid Cash Saffron,Mork Sebastian Ariel Fox,R,0
Social,1,Chicklet,Male,2020-07-28T00:00:00Z,44,3-4,3,4,L,Hagrid Cash Saffron,Mork Sebastian Ariel Fox,L,1
Social,1,Hippolyta,Female,2020-07-28T00:00:00Z,44,3-4,3,4,L,Hagrid Cash Saffron,Mork Sebastian Ariel Fox,L,1
Social,1,Juan,Male,2020-07-28T00:00:00Z,44,3-4,3,4,L,Hagrid Cash Saffron,Mork Sebastian Ariel Fox,L,1
Social,1,Rooster,Male,2020-07-28T00:00:00Z,44,3-4,3,4,L,Hagrid Cash Saffron,Mork Sebastian Ariel Fox,L,1
Social,1,Juniper,Female,2020-07-28T00:00:00Z,44,3-4,3,4,L,Hagrid Cash Saffron,Mork Sebastian Ariel Fox,L,1
Social,1,Dill,Male,2020-07-28T00:00:00Z,44,3-4,3,4,L,Hagrid Cash Saffron,Mork Sebastian Ariel Fox,L,1
Social,1,Robin,Female,2020-07-28T00:00:00Z,44,3-4,3,4,L,Hagrid Cash Saffron,Mork Sebastian Ariel Fox,L,1
Social,1,Rooster,Male,2020-07-29T00:00:00Z,45,2-6,2,6,L,Hagrid Zappa,Fox Ariel Mork Egeus Sebastian Mulder,L,1
Social,1,Juniper,Female,2020-07-29T00:00:00Z,45,2-6,2,6,L,Hagrid Zappa,Fox Ariel Mork Egeus Sebastian Mulder,R,0
Social,1,Flute,Female,2020-07-29T00:00:00Z,45,2-6,2,6,L,Hagrid Zappa,Fox Ariel Mork Egeus Sebastian Mulder,R,0
Social,1,Chicklet,Male,2020-07-29T00:00:00Z,45,2-6,2,6,L,Hagrid Zappa,Fox Ariel Mork Egeus Sebastian Mulder,L,1
Social,1,Basil,Male,2020-07-29T00:00:00Z,45,2-6,2,6,L,Hagrid Zappa,Fox Ariel Mork Egeus Sebastian Mulder,L,1
Social,1,Hippolyta,Female,2020-07-29T00:00:00Z,45,2-6,2,6,L,Hagrid Zappa,Fox Ariel Mork Egeus Sebastian Mulder,R,0
Social,1,Juan,Male,2020-07-29T00:00:00Z,45,2-6,2,6,L,Hagrid Zappa,Fox Ariel Mork Egeus Sebastian Mulder,L,1
Social,1,Robin,Female,2020-07-29T00:00:00Z,45,2-6,2,6,L,Hagrid Zappa,Fox Ariel Mork Egeus Sebastian Mulder,R,0
Social,1,Black Elk,Male,2020-07-29T00:00:00Z,45,2-6,2,6,L,Hagrid Zappa,Fox Ariel Mork Egeus Sebastian Mulder,L,1
Social,1,Dill,Male,2020-07-29T00:00:00Z,45,2-6,2,6,L,Hagrid Zappa,Fox Ariel Mork Egeus Sebastian Mulder,R,0
Social,1,Flute,Female,2020-07-30T00:00:00Z,46,0-5,0,5,R,0,Fox Ariel Mork Egeus Mulder,R,1
Social,1,Juniper,Female,2020-07-30T00:00:00Z,46,0-5,0,5,R,0,Fox Ariel Mork Egeus Mulder,R,1
Social,1,Chicklet,Male,2020-07-30T00:00:00Z,46,0-5,0,5,R,0,Fox Ariel Mork Egeus Mulder,R,1
Social,1,Juan,Male,2020-07-30T00:00:00Z,46,0-5,0,5,R,0,Fox Ariel Mork Egeus Mulder,L,0
Social,1,Robin,Female,2020-07-30T00:00:00Z,46,0-5,0,5,R,0,Fox Ariel Mork Egeus Mulder,L,0
Social,1,Basil,Male,2020-07-30T00:00:00Z,46,0-5,0,5,R,0,Fox Ariel Mork Egeus Mulder,R,1
Social,1,Black Elk,Male,2020-07-30T00:00:00Z,46,0-5,0,5,R,0,Fox Ariel Mork Egeus Mulder,R,1
Social,1,Hippolyta,Female,2020-07-30T00:00:00Z,46,0-5,0,5,R,0,Fox Ariel Mork Egeus Mulder,R,1
Social,1,Dill,Male,2020-07-30T00:00:00Z,46,0-5,0,5,R,0,Fox Ariel Mork Egeus Mulder,R,1
Social,1,Rooster,Male,2020-07-30T00:00:00Z,46,0-5,0,5,R,0,Fox Ariel Mork Egeus Mulder,R,1
Social,1,Rooster,Male,2020-07-31T00:00:00Z,47,4-5,4,5,L,Zappa Hagrid Quince Cash,Sebastian Mork Ariel Fox Egeus,R,0
Social,1,Hippolyta,Female,2020-07-31T00:00:00Z,47,4-5,4,5,L,Zappa Hagrid Quince Cash,Sebastian Mork Ariel Fox Egeus,L,1
Social,1,Dill,Male,2020-07-31T00:00:00Z,47,4-5,4,5,L,Zappa Hagrid Quince Cash,Sebastian Mork Ariel Fox Egeus,R,0
Social,1,Robin,Female,2020-07-31T00:00:00Z,47,4-5,4,5,L,Zappa Hagrid Quince Cash,Sebastian Mork Ariel Fox Egeus,L,1
Social,1,Juan,Male,2020-07-31T00:00:00Z,47,4-5,4,5,L,Zappa Hagrid Quince Cash,Sebastian Mork Ariel Fox Egeus,R,0
Social,1,Black Elk,Male,2020-07-31T00:00:00Z,47,4-5,4,5,L,Zappa Hagrid Quince Cash,Sebastian Mork Ariel Fox Egeus,R,0
Social,1,Juniper,Female,2020-07-31T00:00:00Z,47,4-5,4,5,L,Zappa Hagrid Quince Cash,Sebastian Mork Ariel Fox Egeus,R,0
Social,1,Chicklet,Male,2020-07-31T00:00:00Z,47,4-5,4,5,L,Zappa Hagrid Quince Cash,Sebastian Mork Ariel Fox Egeus,R,0
Social,1,Basil,Male,2020-07-31T00:00:00Z,47,4-5,4,5,L,Zappa Hagrid Quince Cash,Sebastian Mork Ariel Fox Egeus,L,1
Social,1,Flute,Female,2020-07-31T00:00:00Z,47,4-5,4,5,L,Zappa Hagrid Quince Cash,Sebastian Mork Ariel Fox Egeus,L,1
Social,1,Juniper,Female,2020-08-03T00:00:00Z,48,2-3,2,3,R,Cash Quince,Mulder Egeus Mork,L,0
Social,1,Black Elk,Male,2020-08-03T00:00:00Z,48,2-3,2,3,R,Cash Quince,Mulder Egeus Mork,L,0
Social,1,Chicklet,Male,2020-08-03T00:00:00Z,48,2-3,2,3,R,Cash Quince,Mulder Egeus Mork,R,1
Social,1,Flute,Female,2020-08-03T00:00:00Z,48,2-3,2,3,R,Cash Quince,Mulder Egeus Mork,R,1
Social,1,Basil,Male,2020-08-03T00:00:00Z,48,2-3,2,3,R,Cash Quince,Mulder Egeus Mork,R,1
Social,1,Robin,Female,2020-08-03T00:00:00Z,48,2-3,2,3,R,Cash Quince,Mulder Egeus Mork,L,0
Social,1,Juan,Male,2020-08-03T00:00:00Z,48,2-3,2,3,R,Cash Quince,Mulder Egeus Mork,L,0
Social,1,Dill,Male,2020-08-03T00:00:00Z,48,2-3,2,3,R,Cash Quince,Mulder Egeus Mork,L,0
Social,1,Hippolyta,Female,2020-08-03T00:00:00Z,48,2-3,2,3,R,Cash Quince,Mulder Egeus Mork,R,1
Social,1,Rooster,Male,2020-08-03T00:00:00Z,48,2-3,2,3,L,Cash Quince,Mulder Egeus Mork,L,1
Social,1,Flute,Female,2020-08-04T00:00:00Z,49,0-2,0,2,L,0,Ariel Egeus,L,1
Social,1,Juan,Male,2020-08-04T00:00:00Z,49,0-2,0,2,L,0,Ariel Egeus,R,0
Social,1,Juniper,Female,2020-08-04T00:00:00Z,49,0-2,0,2,L,0,Ariel Egeus,R,0
Social,1,Black Elk,Male,2020-08-04T00:00:00Z,49,0-2,0,2,L,0,Ariel Egeus,R,0
Social,1,Rooster,Male,2020-08-04T00:00:00Z,49,0-2,0,2,L,0,Ariel Egeus,R,0
Social,1,Basil,Male,2020-08-04T00:00:00Z,49,0-2,0,2,L,0,Ariel Egeus,R,0
Social,1,Robin,Female,2020-08-04T00:00:00Z,49,0-2,0,2,L,0,Ariel Egeus,L,1
Social,1,Dill,Male,2020-08-04T00:00:00Z,49,0-2,0,2,L,0,Ariel Egeus,R,0
Social,1,Chicklet,Male,2020-08-04T00:00:00Z,49,0-2,0,2,L,0,Ariel Egeus,R,0
Social,1,Hippolyta,Female,2020-08-04T00:00:00Z,49,0-2,0,2,L,0,Ariel Egeus,R,0
Social,1,Dill,Male,2020-08-05T00:00:00Z,50,5-6,5,6,L,Hermia Zappa Saffron Hagrid Cash,Mulder Sebastian Fox Mork Egeus Ariel,L,1
Social,1,Robin,Female,2020-08-05T00:00:00Z,50,5-6,5,6,L,Hermia Zappa Saffron Hagrid Cash,Mulder Sebastian Fox Mork Egeus Ariel,R,0
Social,1,Black Elk,Male,2020-08-05T00:00:00Z,50,5-6,5,6,L,Hermia Zappa Saffron Hagrid Cash,Mulder Sebastian Fox Mork Egeus Ariel,L,1
Social,1,Juan,Male,2020-08-05T00:00:00Z,50,5-6,5,6,L,Hermia Zappa Saffron Hagrid Cash,Mulder Sebastian Fox Mork Egeus Ariel,L,1
Social,1,Flute,Female,2020-08-05T00:00:00Z,50,5-6,5,6,L,Hermia Zappa Saffron Hagrid Cash,Mulder Sebastian Fox Mork Egeus Ariel,L,1
Social,1,Rooster,Male,2020-08-05T00:00:00Z,50,5-6,5,6,L,Hermia Zappa Saffron Hagrid Cash,Mulder Sebastian Fox Mork Egeus Ariel,R,0
Social,1,Chicklet,Male,2020-08-05T00:00:00Z,50,5-6,5,6,L,Hermia Zappa Saffron Hagrid Cash,Mulder Sebastian Fox Mork Egeus Ariel,R,0
Social,1,Basil,Male,2020-08-05T00:00:00Z,50,5-6,5,6,L,Hermia Zappa Saffron Hagrid Cash,Mulder Sebastian Fox Mork Egeus Ariel,R,0
Social,1,Hippolyta,Female,2020-08-05T00:00:00Z,50,5-6,5,6,L,Hermia Zappa Saffron Hagrid Cash,Mulder Sebastian Fox Mork Egeus Ariel,R,0
Social,1,Juniper,Female,2020-08-05T00:00:00Z,50,5-6,5,6,L,Hermia Zappa Saffron Hagrid Cash,Mulder Sebastian Fox Mork Egeus Ariel,L,1
Social,1,Black Elk,Male,2020-08-06T00:00:00Z,51,0-6,0,6,R,0,Ariel Mork Mulder Fox Sebastian Egeus,R,1
Social,1,Chicklet,Male,2020-08-06T00:00:00Z,51,0-6,0,6,R,0,Ariel Mork Mulder Fox Sebastian Egeus,R,1
Social,1,Robin,Female,2020-08-06T00:00:00Z,51,0-6,0,6,R,0,Ariel Mork Mulder Fox Sebastian Egeus,R,1
Social,1,Hippolyta,Female,2020-08-06T00:00:00Z,51,0-6,0,6,R,0,Ariel Mork Mulder Fox Sebastian Egeus,L,0
Social,1,Flute,Female,2020-08-06T00:00:00Z,51,0-6,0,6,R,0,Ariel Mork Mulder Fox Sebastian Egeus,R,1
Social,1,Juan,Male,2020-08-06T00:00:00Z,51,0-6,0,6,R,0,Ariel Mork Mulder Fox Sebastian Egeus,R,1
Social,1,Rooster,Male,2020-08-06T00:00:00Z,51,0-6,0,6,R,0,Ariel Mork Mulder Fox Sebastian Egeus,R,1
Social,1,Juniper,Female,2020-08-06T00:00:00Z,51,0-6,0,6,R,0,Ariel Mork Mulder Fox Sebastian Egeus,R,1
Social,1,Dill,Male,2020-08-06T00:00:00Z,51,0-6,0,6,R,0,Ariel Mork Mulder Fox Sebastian Egeus,R,1
Social,1,Basil,Male,2020-08-06T00:00:00Z,51,0-6,0,6,R,0,Ariel Mork Mulder Fox Sebastian Egeus,R,1
Social,1,Juniper,Female,2020-08-07T00:00:00Z,52,1-6,1,6,R,Hagrid,Egeus Mulder Sebastian Ariel Fox Mork,R,1
Social,1,Basil,Male,2020-08-07T00:00:00Z,52,1-6,1,6,R,Hagrid,Egeus Mulder Sebastian Ariel Fox Mork,L,0
Social,1,Rooster,Male,2020-08-07T00:00:00Z,52,1-6,1,6,R,Hagrid,Egeus Mulder Sebastian Ariel Fox Mork,R,1
Social,1,Chicklet,Male,2020-08-07T00:00:00Z,52,1-6,1,6,R,Hagrid,Egeus Mulder Sebastian Ariel Fox Mork,R,1
Social,1,Dill,Male,2020-08-07T00:00:00Z,52,1-6,1,6,R,Hagrid,Egeus Mulder Sebastian Ariel Fox Mork,L,0
Social,1,Robin,Female,2020-08-07T00:00:00Z,52,1-6,1,6,R,Hagrid,Egeus Mulder Sebastian Ariel Fox Mork,L,0
Social,1,Flute,Female,2020-08-07T00:00:00Z,52,1-6,1,6,R,Hagrid,Egeus Mulder Sebastian Ariel Fox Mork,R,1
Social,1,Juan,Male,2020-08-07T00:00:00Z,52,1-6,1,6,R,Hagrid,Egeus Mulder Sebastian Ariel Fox Mork,R,1
Social,1,Black Elk,Male,2020-08-07T00:00:00Z,52,1-6,1,6,R,Hagrid,Egeus Mulder Sebastian Ariel Fox Mork,R,1
Social,1,Hippolyta,Female,2020-08-07T00:00:00Z,52,1-6,1,6,R,Hagrid,Egeus Mulder Sebastian Ariel Fox Mork,L,0
Social,1,Rooster,Male,2020-08-12T00:00:00Z,53,3-5,3,5,R,Hermia Zappa Hagrid,Fox Ariel Mork Mulder Egeus,R,1
Social,1,Robin,Female,2020-08-12T00:00:00Z,53,3-5,3,5,R,Hermia Zappa Hagrid,Fox Ariel Mork Mulder Egeus,R,1
Social,1,Juan,Male,2020-08-12T00:00:00Z,53,3-5,3,5,R,Hermia Zappa Hagrid,Fox Ariel Mork Mulder Egeus,R,1
Social,1,Flute,Female,2020-08-12T00:00:00Z,53,3-5,3,5,R,Hermia Zappa Hagrid,Fox Ariel Mork Mulder Egeus,R,1
Social,1,Hippolyta,Female,2020-08-12T00:00:00Z,53,3-5,3,5,R,Hermia Zappa Hagrid,Fox Ariel Mork Mulder Egeus,L,0
Social,1,Basil,Male,2020-08-12T00:00:00Z,53,3-5,3,5,R,Hermia Zappa Hagrid,Fox Ariel Mork Mulder Egeus,R,1
Social,1,Juniper,Female,2020-08-12T00:00:00Z,53,3-5,3,5,R,Hermia Zappa Hagrid,Fox Ariel Mork Mulder Egeus,R,1
Social,1,Chicklet,Male,2020-08-12T00:00:00Z,53,3-5,3,5,R,Hermia Zappa Hagrid,Fox Ariel Mork Mulder Egeus,R,1
Social,1,Black Elk,Male,2020-08-12T00:00:00Z,53,3-5,3,5,R,Hermia Zappa Hagrid,Fox Ariel Mork Mulder Egeus,R,1
Social,1,Dill,Male,2020-08-12T00:00:00Z,53,3-5,3,5,R,Hermia Zappa Hagrid,Fox Ariel Mork Mulder Egeus,R,1
Social,1,Robin,Female,2020-08-10T00:00:00Z,54,1-3,1,3,L,Zappa,Ariel Sebastian Egeus,L,1
Social,1,Flute,Female,2020-08-10T00:00:00Z,54,1-3,1,3,L,Zappa,Ariel Sebastian Egeus,L,1
Social,1,Chicklet,Male,2020-08-10T00:00:00Z,54,1-3,1,3,L,Zappa,Ariel Sebastian Egeus,R,0
Social,1,Juniper,Female,2020-08-10T00:00:00Z,54,1-3,1,3,L,Zappa,Ariel Sebastian Egeus,R,0
Social,1,Hippolyta,Female,2020-08-10T00:00:00Z,54,1-3,1,3,L,Zappa,Ariel Sebastian Egeus,L,1
Social,1,Basil,Male,2020-08-10T00:00:00Z,54,1-3,1,3,L,Zappa,Ariel Sebastian Egeus,R,0
Social,1,Rooster,Male,2020-08-10T00:00:00Z,54,1-3,1,3,L,Zappa,Ariel Sebastian Egeus,R,0
Social,1,Dill,Male,2020-08-10T00:00:00Z,54,1-3,1,3,L,Zappa,Ariel Sebastian Egeus,R,0
Social,1,Black Elk,Male,2020-08-10T00:00:00Z,54,1-3,1,3,L,Zappa,Ariel Sebastian Egeus,L,1
Social,1,Juan,Male,2020-08-10T00:00:00Z,54,1-3,1,3,L,Zappa,Ariel Sebastian Egeus,R,0
Social,1,Rooster,Male,2020-08-11T00:00:00Z,55,0-4,0,4,R,0,Fox Sebastian Ariel Mork,L,0
Social,1,Juan,Male,2020-08-11T00:00:00Z,55,0-4,0,4,R,0,Fox Sebastian Ariel Mork,R,1
Social,1,Juniper,Female,2020-08-11T00:00:00Z,55,0-4,0,4,R,0,Fox Sebastian Ariel Mork,R,1
Social,1,Chicklet,Male,2020-08-11T00:00:00Z,55,0-4,0,4,R,0,Fox Sebastian Ariel Mork,R,1
Social,1,Basil,Male,2020-08-11T00:00:00Z,55,0-4,0,4,R,0,Fox Sebastian Ariel Mork,L,0
Social,1,Black Elk,Male,2020-08-11T00:00:00Z,55,0-4,0,4,R,0,Fox Sebastian Ariel Mork,R,1
Social,1,Robin,Female,2020-08-11T00:00:00Z,55,0-4,0,4,R,0,Fox Sebastian Ariel Mork,L,0
Social,1,Flute,Female,2020-08-11T00:00:00Z,55,0-4,0,4,R,0,Fox Sebastian Ariel Mork,L,0
Social,1,Hippolyta,Female,2020-08-11T00:00:00Z,55,0-4,0,4,R,0,Fox Sebastian Ariel Mork,L,0
Social,1,Dill,Male,2020-08-11T00:00:00Z,55,0-4,0,4,R,0,Fox Sebastian Ariel Mork,L,0
Social,1,Hippolyta,Female,2020-08-13T00:00:00Z,56,1-4,1,4,R,Cash,Egeus Sebastian Mulder Fox,L,0
Social,1,Juan,Male,2020-08-13T00:00:00Z,56,1-4,1,4,R,Cash,Egeus Sebastian Mulder Fox,R,1
Social,1,Flute,Female,2020-08-13T00:00:00Z,56,1-4,1,4,R,Cash,Egeus Sebastian Mulder Fox,L,0
Social,1,Dill,Male,2020-08-13T00:00:00Z,56,1-4,1,4,R,Cash,Egeus Sebastian Mulder Fox,R,1
Social,1,Basil,Male,2020-08-13T00:00:00Z,56,1-4,1,4,R,Cash,Egeus Sebastian Mulder Fox,R,1
Social,1,Chicklet,Male,2020-08-13T00:00:00Z,56,1-4,1,4,R,Cash,Egeus Sebastian Mulder Fox,R,1
Social,1,Rooster,Male,2020-08-13T00:00:00Z,56,1-4,1,4,R,Cash,Egeus Sebastian Mulder Fox,R,1
Social,1,Juniper,Female,2020-08-13T00:00:00Z,56,1-4,1,4,R,Cash,Egeus Sebastian Mulder Fox,R,1
Social,1,Robin,Female,2020-08-13T00:00:00Z,56,1-4,1,4,R,Cash,Egeus Sebastian Mulder Fox,L,0
Social,1,Black Elk,Male,2020-08-13T00:00:00Z,56,1-4,1,4,R,Cash,Egeus Sebastian Mulder Fox,R,1
Social,1,Hippolyta,Female,2020-08-14T00:00:00Z,57,1-5,1,5,L,Hagrid,Ariel Mork Sebastian Egeus Mulder,L,1
Social,1,Black Elk,Male,2020-08-14T00:00:00Z,57,1-5,1,5,L,Hagrid,Ariel Mork Sebastian Egeus Mulder,L,1
Social,1,Juan,Male,2020-08-14T00:00:00Z,57,1-5,1,5,L,Hagrid,Ariel Mork Sebastian Egeus Mulder,R,0
Social,1,Juniper,Female,2020-08-14T00:00:00Z,57,1-5,1,5,L,Hagrid,Ariel Mork Sebastian Egeus Mulder,R,0
Social,1,Flute,Female,2020-08-14T00:00:00Z,57,1-5,1,5,L,Hagrid,Ariel Mork Sebastian Egeus Mulder,R,0
Social,1,Chicklet,Male,2020-08-14T00:00:00Z,57,1-5,1,5,L,Hagrid,Ariel Mork Sebastian Egeus Mulder,R,0
Social,1,Robin,Female,2020-08-14T00:00:00Z,57,1-5,1,5,L,Hagrid,Ariel Mork Sebastian Egeus Mulder,L,1
Social,1,Rooster,Male,2020-08-14T00:00:00Z,57,1-5,1,5,L,Hagrid,Ariel Mork Sebastian Egeus Mulder,L,1
Social,1,Basil,Male,2020-08-14T00:00:00Z,57,1-5,1,5,L,Hagrid,Ariel Mork Sebastian Egeus Mulder,R,0
Social,1,Dill,Male,2020-08-14T00:00:00Z,57,1-5,1,5,L,Hagrid,Ariel Mork Sebastian Egeus Mulder,R,0
Social,1,Flute,Female,2020-08-17T00:00:00Z,58,3-6,3,6,R,Zappa Saffron Hermia,Mulder Sebastian Mork Egeus Ariel Fox,R,1
Social,1,Dill,Male,2020-08-17T00:00:00Z,58,3-6,3,6,R,Zappa Saffron Hermia,Mulder Sebastian Mork Egeus Ariel Fox,L,0
Social,1,Basil,Male,2020-08-17T00:00:00Z,58,3-6,3,6,R,Zappa Saffron Hermia,Mulder Sebastian Mork Egeus Ariel Fox,R,1
Social,1,Robin,Female,2020-08-17T00:00:00Z,58,3-6,3,6,R,Zappa Saffron Hermia,Mulder Sebastian Mork Egeus Ariel Fox,L,0
Social,1,Juan,Male,2020-08-17T00:00:00Z,58,3-6,3,6,R,Zappa Saffron Hermia,Mulder Sebastian Mork Egeus Ariel Fox,R,1
Social,1,Black Elk,Male,2020-08-17T00:00:00Z,58,3-6,3,6,R,Zappa Saffron Hermia,Mulder Sebastian Mork Egeus Ariel Fox,R,1
Social,1,Chicklet,Male,2020-08-17T00:00:00Z,58,3-6,3,6,R,Zappa Saffron Hermia,Mulder Sebastian Mork Egeus Ariel Fox,R,1
Social,1,Hippolyta,Female,2020-08-17T00:00:00Z,58,3-6,3,6,R,Zappa Saffron Hermia,Mulder Sebastian Mork Egeus Ariel Fox,R,1
Social,1,Rooster,Male,2020-08-17T00:00:00Z,58,3-6,3,6,R,Zappa Saffron Hermia,Mulder Sebastian Mork Egeus Ariel Fox,L,0
Social,1,Juniper,Female,2020-08-17T00:00:00Z,58,3-6,3,6,R,Zappa Saffron Hermia,Mulder Sebastian Mork Egeus Ariel Fox,R,1
Social,1,Basil,Male,2020-08-18T00:00:00Z,59,2-4,2,4,L,Saffron Cash,Ariel Mork Sebastian Egeus,R,0
Social,1,Chicklet,Male,2020-08-18T00:00:00Z,59,2-4,2,4,L,Saffron Cash,Ariel Mork Sebastian Egeus,L,1
Social,1,Juan,Male,2020-08-18T00:00:00Z,59,2-4,2,4,L,Saffron Cash,Ariel Mork Sebastian Egeus,R,0
Social,1,Robin,Female,2020-08-18T00:00:00Z,59,2-4,2,4,L,Saffron Cash,Ariel Mork Sebastian Egeus,L,1
Social,1,Dill,Male,2020-08-18T00:00:00Z,59,2-4,2,4,L,Saffron Cash,Ariel Mork Sebastian Egeus,R,0
Social,1,Black Elk,Male,2020-08-18T00:00:00Z,59,2-4,2,4,L,Saffron Cash,Ariel Mork Sebastian Egeus,R,0
Social,1,Hippolyta,Female,2020-08-18T00:00:00Z,59,2-4,2,4,L,Saffron Cash,Ariel Mork Sebastian Egeus,L,1
Social,1,Flute,Female,2020-08-18T00:00:00Z,59,2-4,2,4,L,Saffron Cash,Ariel Mork Sebastian Egeus,R,0
Social,1,Rooster,Male,2020-08-18T00:00:00Z,59,2-4,2,4,L,Saffron Cash,Ariel Mork Sebastian Egeus,L,1
Social,1,Juniper,Female,2020-08-18T00:00:00Z,59,2-4,2,4,L,Saffron Cash,Ariel Mork Sebastian Egeus,R,0
Social,1,Robin,Female,2020-08-19T00:00:00Z,60,0-1,0,1,R,0,Egeus,L,0
Social,1,Hippolyta,Female,2020-08-19T00:00:00Z,60,0-1,0,1,R,0,Egeus,R,1
Social,1,Black Elk,Male,2020-08-19T00:00:00Z,60,0-1,0,1,R,0,Egeus,R,1
Social,1,Dill,Male,2020-08-19T00:00:00Z,60,0-1,0,1,R,0,Egeus,R,1
Social,1,Basil,Male,2020-08-19T00:00:00Z,60,0-1,0,1,R,0,Egeus,R,1
Social,1,Juniper,Female,2020-08-19T00:00:00Z,60,0-1,0,1,R,0,Egeus,L,0
Social,1,Flute,Female,2020-08-19T00:00:00Z,60,0-1,0,1,R,0,Egeus,L,0
Social,1,Chicklet,Male,2020-08-19T00:00:00Z,60,0-1,0,1,R,0,Egeus,R,1
Social,1,Juan,Male,2020-08-19T00:00:00Z,60,0-1,0,1,R,0,Egeus,L,0
Social,1,Rooster,Male,2020-08-19T00:00:00Z,60,0-1,0,1,R,0,Egeus,R,1
Social,1,Rooster,Male,2020-08-20T00:00:00Z,61,2-5,2,5,L,Cash Zappa,Sebastian Egeus Mork Fox Mulder,R,0
Social,1,Robin,Female,2020-08-20T00:00:00Z,61,2-5,2,5,L,Cash Zappa,Sebastian Egeus Mork Fox Mulder,L,1
Social,1,Flute,Female,2020-08-20T00:00:00Z,61,2-5,2,5,L,Cash Zappa,Sebastian Egeus Mork Fox Mulder,R,0
Social,1,Chicklet,Male,2020-08-20T00:00:00Z,61,2-5,2,5,L,Cash Zappa,Sebastian Egeus Mork Fox Mulder,L,1
Social,1,Dill,Male,2020-08-20T00:00:00Z,61,2-5,2,5,L,Cash Zappa,Sebastian Egeus Mork Fox Mulder,L,1
Social,1,Juniper,Female,2020-08-20T00:00:00Z,61,2-5,2,5,L,Cash Zappa,Sebastian Egeus Mork Fox Mulder,L,1
Social,1,Basil,Male,2020-08-20T00:00:00Z,61,2-5,2,5,L,Cash Zappa,Sebastian Egeus Mork Fox Mulder,L,1
Social,1,Hippolyta,Female,2020-08-20T00:00:00Z,61,2-5,2,5,L,Cash Zappa,Sebastian Egeus Mork Fox Mulder,R,0
Social,1,Juan,Male,2020-08-20T00:00:00Z,61,2-5,2,5,L,Cash Zappa,Sebastian Egeus Mork Fox Mulder,L,1
Social,1,Black Elk,Male,2020-08-20T00:00:00Z,61,2-5,2,5,L,Cash Zappa,Sebastian Egeus Mork Fox Mulder,L,1
Social,1,Rooster,Male,2020-09-07T00:00:00Z,62,4-6,4,6,R,Cash Zappa Saffron Pease,Ariel Egeus Fox Sebastian Mork Mulder,R,1
Social,1,Dill,Male,2020-09-07T00:00:00Z,62,4-6,4,6,R,Cash Zappa Saffron Pease,Ariel Egeus Fox Sebastian Mork Mulder,L,0
Social,1,Black Elk,Male,2020-09-07T00:00:00Z,62,4-6,4,6,R,Cash Zappa Saffron Pease,Ariel Egeus Fox Sebastian Mork Mulder,R,1
Social,1,Robin,Female,2020-09-07T00:00:00Z,62,4-6,4,6,R,Cash Zappa Saffron Pease,Ariel Egeus Fox Sebastian Mork Mulder,L,0
Social,1,Flute,Female,2020-09-07T00:00:00Z,62,4-6,4,6,R,Cash Zappa Saffron Pease,Ariel Egeus Fox Sebastian Mork Mulder,R,1
Social,1,Hippolyta,Female,2020-09-07T00:00:00Z,62,4-6,4,6,R,Cash Zappa Saffron Pease,Ariel Egeus Fox Sebastian Mork Mulder,L,0
Social,1,Juniper,Female,2020-09-07T00:00:00Z,62,4-6,4,6,R,Cash Zappa Saffron Pease,Ariel Egeus Fox Sebastian Mork Mulder,R,1
Social,1,Juan,Male,2020-09-07T00:00:00Z,62,4-6,4,6,R,Cash Zappa Saffron Pease,Ariel Egeus Fox Sebastian Mork Mulder,R,1
Social,1,Chicklet,Male,2020-09-07T00:00:00Z,62,4-6,4,6,R,Cash Zappa Saffron Pease,Ariel Egeus Fox Sebastian Mork Mulder,R,1
Social,1,Basil,Male,2020-09-07T00:00:00Z,62,4-6,4,6,R,Cash Zappa Saffron Pease,Ariel Egeus Fox Sebastian Mork Mulder,R,1
Social,1,Robin,Female,2020-08-21T00:00:00Z,63,1-2,1,2,L,Saffron,Sebastian Fox,L,1
Social,1,Hippolyta,Female,2020-08-21T00:00:00Z,63,1-2,1,2,L,Saffron,Sebastian Fox,R,0
Social,1,Black Elk,Male,2020-08-21T00:00:00Z,63,1-2,1,2,L,Saffron,Sebastian Fox,L,1
Social,1,Rooster,Male,2020-08-21T00:00:00Z,63,1-2,1,2,L,Saffron,Sebastian Fox,R,0
Social,1,Chicklet,Male,2020-08-21T00:00:00Z,63,1-2,1,2,L,Saffron,Sebastian Fox,L,1
Social,1,Flute,Female,2020-08-21T00:00:00Z,63,1-2,1,2,L,Saffron,Sebastian Fox,R,0
Social,1,Dill,Male,2020-08-21T00:00:00Z,63,1-2,1,2,L,Saffron,Sebastian Fox,L,1
Social,1,Basil,Male,2020-08-21T00:00:00Z,63,1-2,1,2,L,Saffron,Sebastian Fox,L,1
Social,1,Juan,Male,2020-08-21T00:00:00Z,63,1-2,1,2,L,Saffron,Sebastian Fox,L,1
Social,1,Juniper,Female,2020-08-21T00:00:00Z,63,1-2,1,2,L,Saffron,Sebastian Fox,L,1
Social,1,Robin,Female,2020-09-09T00:00:00Z,64,3-6,3,6,L,Zappa Saffron Pease,Ariel Fox Mork Mulder Egeus Sebastian,L,1
Social,1,Rooster,Male,2020-09-09T00:00:00Z,64,3-6,3,6,L,Zappa Saffron Pease,Ariel Fox Mork Mulder Egeus Sebastian,L,1
Social,1,Juniper,Female,2020-09-09T00:00:00Z,64,3-6,3,6,L,Zappa Saffron Pease,Ariel Fox Mork Mulder Egeus Sebastian,L,1
Social,1,Flute,Female,2020-09-09T00:00:00Z,64,3-6,3,6,L,Zappa Saffron Pease,Ariel Fox Mork Mulder Egeus Sebastian,R,0
Social,1,Chicklet,Male,2020-09-09T00:00:00Z,64,3-6,3,6,L,Zappa Saffron Pease,Ariel Fox Mork Mulder Egeus Sebastian,L,1
Social,1,Hippolyta,Female,2020-09-09T00:00:00Z,64,3-6,3,6,L,Zappa Saffron Pease,Ariel Fox Mork Mulder Egeus Sebastian,R,0
Social,1,Juan,Male,2020-09-09T00:00:00Z,64,3-6,3,6,L,Zappa Saffron Pease,Ariel Fox Mork Mulder Egeus Sebastian,L,1
Social,1,Basil,Male,2020-09-09T00:00:00Z,64,3-6,3,6,L,Zappa Saffron Pease,Ariel Fox Mork Mulder Egeus Sebastian,L,1
Social,1,Dill,Male,2020-09-09T00:00:00Z,64,3-6,3,6,L,Zappa Saffron Pease,Ariel Fox Mork Mulder Egeus Sebastian,L,1
Social,1,Black Elk,Male,2020-09-09T00:00:00Z,64,3-6,3,6,L,Zappa Saffron Pease,Ariel Fox Mork Mulder Egeus Sebastian,L,1
Social,1,Juniper,Female,2020-08-24T00:00:00Z,65,2-6,2,6,R,Cash Quince,Fox Ariel Mork Egeus Mulder Sebastian,R,1
Social,1,Hippolyta,Female,2020-08-24T00:00:00Z,65,2-6,2,6,R,Cash Quince,Fox Ariel Mork Egeus Mulder Sebastian,L,0
Social,1,Chicklet,Male,2020-08-24T00:00:00Z,65,2-6,2,6,R,Cash Quince,Fox Ariel Mork Egeus Mulder Sebastian,R,1
Social,1,Robin,Female,2020-08-24T00:00:00Z,65,2-6,2,6,R,Cash Quince,Fox Ariel Mork Egeus Mulder Sebastian,L,0
Social,1,Dill,Male,2020-08-24T00:00:00Z,65,2-6,2,6,R,Cash Quince,Fox Ariel Mork Egeus Mulder Sebastian,L,0
Social,1,Rooster,Male,2020-08-24T00:00:00Z,65,2-6,2,6,R,Cash Quince,Fox Ariel Mork Egeus Mulder Sebastian,R,1
Social,1,Flute,Female,2020-08-24T00:00:00Z,65,2-6,2,6,R,Cash Quince,Fox Ariel Mork Egeus Mulder Sebastian,R,1
Social,1,Juan,Male,2020-08-24T00:00:00Z,65,2-6,2,6,R,Cash Quince,Fox Ariel Mork Egeus Mulder Sebastian,R,1
Social,1,Black Elk,Male,2020-08-24T00:00:00Z,65,2-6,2,6,R,Cash Quince,Fox Ariel Mork Egeus Mulder Sebastian,R,1
Social,1,Basil,Male,2020-08-24T00:00:00Z,65,2-6,2,6,R,Cash Quince,Fox Ariel Mork Egeus Mulder Sebastian,R,1
Social,1,Flute,Female,2020-08-25T00:00:00Z,66,3-4,3,4,L,Cash Zappa Quince,Mork Egeus Mulder Fox,R,0
Social,1,Robin,Female,2020-08-25T00:00:00Z,66,3-4,3,4,L,Cash Zappa Quince,Mork Egeus Mulder Fox,R,0
Social,1,Juniper,Female,2020-08-25T00:00:00Z,66,3-4,3,4,L,Cash Zappa Quince,Mork Egeus Mulder Fox,R,0
Social,1,Rooster,Male,2020-08-25T00:00:00Z,66,3-4,3,4,L,Cash Zappa Quince,Mork Egeus Mulder Fox,R,0
Social,1,Black Elk,Male,2020-08-25T00:00:00Z,66,3-4,3,4,L,Cash Zappa Quince,Mork Egeus Mulder Fox,R,0
Social,1,Hippolyta,Female,2020-08-25T00:00:00Z,66,3-4,3,4,L,Cash Zappa Quince,Mork Egeus Mulder Fox,R,0
Social,1,Dill,Male,2020-08-25T00:00:00Z,66,3-4,3,4,L,Cash Zappa Quince,Mork Egeus Mulder Fox,L,1
Social,1,Basil,Male,2020-08-25T00:00:00Z,66,3-4,3,4,L,Cash Zappa Quince,Mork Egeus Mulder Fox,L,1
Social,1,Juan,Male,2020-08-25T00:00:00Z,66,3-4,3,4,L,Cash Zappa Quince,Mork Egeus Mulder Fox,R,0
Social,1,Chicklet,Male,2020-08-25T00:00:00Z,66,3-4,3,4,L,Cash Zappa Quince,Mork Egeus Mulder Fox,R,0
Social,1,Rooster,Male,2020-08-26T00:00:00Z,67,2-4,2,4,L,Quince Hagrid,Egeus Fox Mork Ariel,R,0
Social,1,Robin,Female,2020-08-26T00:00:00Z,67,2-4,2,4,L,Quince Hagrid,Egeus Fox Mork Ariel,L,1
Social,1,Chicklet,Male,2020-08-26T00:00:00Z,67,2-4,2,4,L,Quince Hagrid,Egeus Fox Mork Ariel,R,0
Social,1,Dill,Male,2020-08-26T00:00:00Z,67,2-4,2,4,L,Quince Hagrid,Egeus Fox Mork Ariel,L,1
Social,1,Hippolyta,Female,2020-08-26T00:00:00Z,67,2-4,2,4,L,Quince Hagrid,Egeus Fox Mork Ariel,L,1
Social,1,Black Elk,Male,2020-08-26T00:00:00Z,67,2-4,2,4,L,Quince Hagrid,Egeus Fox Mork Ariel,R,0
Social,1,Juan,Male,2020-08-26T00:00:00Z,67,2-4,2,4,L,Quince Hagrid,Egeus Fox Mork Ariel,R,0
Social,1,Flute,Female,2020-08-26T00:00:00Z,67,2-4,2,4,L,Quince Hagrid,Egeus Fox Mork Ariel,R,0
Social,1,Juniper,Female,2020-08-26T00:00:00Z,67,2-4,2,4,L,Quince Hagrid,Egeus Fox Mork Ariel,R,0
Social,1,Basil,Male,2020-08-26T00:00:00Z,67,2-4,2,4,L,Quince Hagrid,Egeus Fox Mork Ariel,R,0
Social,1,Juan,Male,2020-08-27T00:00:00Z,68,1-2,1,2,R,Saffron,Fox Mork,L,0
Social,1,Rooster,Male,2020-08-27T00:00:00Z,68,1-2,1,2,R,Saffron,Fox Mork,R,1
Social,1,Chicklet,Male,2020-08-27T00:00:00Z,68,1-2,1,2,R,Saffron,Fox Mork,R,1
Social,1,Basil,Male,2020-08-27T00:00:00Z,68,1-2,1,2,R,Saffron,Fox Mork,L,0
Social,1,Juniper,Female,2020-08-27T00:00:00Z,68,1-2,1,2,R,Saffron,Fox Mork,L,0
Social,1,Black Elk,Male,2020-08-27T00:00:00Z,68,1-2,1,2,R,Saffron,Fox Mork,R,1
Social,1,Flute,Female,2020-08-27T00:00:00Z,68,1-2,1,2,R,Saffron,Fox Mork,L,0
Social,1,Robin,Female,2020-08-27T00:00:00Z,68,1-2,1,2,R,Saffron,Fox Mork,L,0
Social,1,Dill,Male,2020-08-27T00:00:00Z,68,1-2,1,2,R,Saffron,Fox Mork,L,0
Social,1,Hippolyta,Female,2020-08-27T00:00:00Z,68,1-2,1,2,R,Saffron,Fox Mork,R,1
Social,1,Robin,Female,2020-08-28T00:00:00Z,69,2-3,2,3,L,Zappa Quince,Ariel Mork Sebastian,L,1
Social,1,Flute,Female,2020-08-28T00:00:00Z,69,2-3,2,3,L,Zappa Quince,Ariel Mork Sebastian,R,0
Social,1,Hippolyta,Female,2020-08-28T00:00:00Z,69,2-3,2,3,L,Zappa Quince,Ariel Mork Sebastian,R,0
Social,1,Chicklet,Male,2020-08-28T00:00:00Z,69,2-3,2,3,L,Zappa Quince,Ariel Mork Sebastian,L,1
Social,1,Juan,Male,2020-08-28T00:00:00Z,69,2-3,2,3,L,Zappa Quince,Ariel Mork Sebastian,L,1
Social,1,Black Elk,Male,2020-08-28T00:00:00Z,69,2-3,2,3,L,Zappa Quince,Ariel Mork Sebastian,L,1
Social,1,Juniper,Female,2020-08-28T00:00:00Z,69,2-3,2,3,L,Zappa Quince,Ariel Mork Sebastian,L,1
Social,1,Basil,Male,2020-08-28T00:00:00Z,69,2-3,2,3,L,Zappa Quince,Ariel Mork Sebastian,L,1
Social,1,Dill,Male,2020-08-28T00:00:00Z,69,2-3,2,3,L,Zappa Quince,Ariel Mork Sebastian,L,1
Social,1,Rooster,Male,2020-08-28T00:00:00Z,69,2-3,2,3,L,Zappa Quince,Ariel Mork Sebastian,R,0
Social,1,Chicklet,Male,2020-08-31T00:00:00Z,70,1-6,1,6,R,Zappa,Fox Ariel Mulder Sebastian Mork Egeus,R,1
Social,1,Juniper,Female,2020-08-31T00:00:00Z,70,1-6,1,6,R,Zappa,Fox Ariel Mulder Sebastian Mork Egeus,R,1
Social,1,Robin,Female,2020-08-31T00:00:00Z,70,1-6,1,6,R,Zappa,Fox Ariel Mulder Sebastian Mork Egeus,L,0
Social,1,Rooster,Male,2020-08-31T00:00:00Z,70,1-6,1,6,R,Zappa,Fox Ariel Mulder Sebastian Mork Egeus,R,1
Social,1,Hippolyta,Female,2020-08-31T00:00:00Z,70,1-6,1,6,R,Zappa,Fox Ariel Mulder Sebastian Mork Egeus,L,0
Social,1,Basil,Male,2020-08-31T00:00:00Z,70,1-6,1,6,R,Zappa,Fox Ariel Mulder Sebastian Mork Egeus,R,1
Social,1,Dill,Male,2020-08-31T00:00:00Z,70,1-6,1,6,R,Zappa,Fox Ariel Mulder Sebastian Mork Egeus,L,0
Social,1,Juan,Male,2020-08-31T00:00:00Z,70,1-6,1,6,R,Zappa,Fox Ariel Mulder Sebastian Mork Egeus,R,1
Social,1,Flute,Female,2020-08-31T00:00:00Z,70,1-6,1,6,R,Zappa,Fox Ariel Mulder Sebastian Mork Egeus,R,1
Social,1,Black Elk,Male,2020-08-31T00:00:00Z,70,1-6,1,6,R,Zappa,Fox Ariel Mulder Sebastian Mork Egeus,R,1
Social,1,Basil,Male,2020-09-01T00:00:00Z,71,0-1,0,1,L,0,Ariel,R,0
Social,1,Hippolyta,Female,2020-09-01T00:00:00Z,71,0-1,0,1,L,0,Ariel,R,0
Social,1,Dill,Male,2020-09-01T00:00:00Z,71,0-1,0,1,L,0,Ariel,L,1
Social,1,Flute,Female,2020-09-01T00:00:00Z,71,0-1,0,1,L,0,Ariel,R,0
Social,1,Juan,Male,2020-09-01T00:00:00Z,71,0-1,0,1,L,0,Ariel,L,1
Social,1,Black Elk,Male,2020-09-01T00:00:00Z,71,0-1,0,1,L,0,Ariel,R,0
Social,1,Chicklet,Male,2020-09-01T00:00:00Z,71,0-1,0,1,L,0,Ariel,L,1
Social,1,Robin,Female,2020-09-01T00:00:00Z,71,0-1,0,1,L,0,Ariel,L,1
Social,1,Rooster,Male,2020-09-01T00:00:00Z,71,0-1,0,1,L,0,Ariel,R,0
Social,1,Juniper,Female,2020-09-01T00:00:00Z,71,0-1,0,1,L,0,Ariel,L,1
Social,1,Black Elk,Male,2020-09-02T00:00:00Z,72,1-5,1,5,L,Hagrid,Egeus Fox Ariel Mulder Sebastian,R,0
Social,1,Hippolyta,Female,2020-09-02T00:00:00Z,72,1-5,1,5,L,Hagrid,Egeus Fox Ariel Mulder Sebastian,L,1
Social,1,Flute,Female,2020-09-02T00:00:00Z,72,1-5,1,5,L,Hagrid,Egeus Fox Ariel Mulder Sebastian,R,0
Social,1,Juan,Male,2020-09-02T00:00:00Z,72,1-5,1,5,L,Hagrid,Egeus Fox Ariel Mulder Sebastian,L,1
Social,1,Chicklet,Male,2020-09-02T00:00:00Z,72,1-5,1,5,L,Hagrid,Egeus Fox Ariel Mulder Sebastian,R,0
Social,1,Dill,Male,2020-09-02T00:00:00Z,72,1-5,1,5,L,Hagrid,Egeus Fox Ariel Mulder Sebastian,R,0
Social,1,Basil,Male,2020-09-02T00:00:00Z,72,1-5,1,5,L,Hagrid,Egeus Fox Ariel Mulder Sebastian,L,1
Social,1,Robin,Female,2020-09-02T00:00:00Z,72,1-5,1,5,L,Hagrid,Egeus Fox Ariel Mulder Sebastian,L,1
Social,1,Juniper,Female,2020-09-02T00:00:00Z,72,1-5,1,5,L,Hagrid,Egeus Fox Ariel Mulder Sebastian,L,1
Social,1,Rooster,Male,2020-09-02T00:00:00Z,72,1-5,1,5,L,Hagrid,Egeus Fox Ariel Mulder Sebastian,R,0
Social,1,Dill,Male,2020-09-03T00:00:00Z,73,0-3,0,3,R,0,Mork Mulder Ariel,L,0
Social,1,Juniper,Female,2020-09-03T00:00:00Z,73,0-3,0,3,R,0,Mork Mulder Ariel,L,0
Social,1,Robin,Female,2020-09-03T00:00:00Z,73,0-3,0,3,R,0,Mork Mulder Ariel,L,0
Social,1,Black Elk,Male,2020-09-03T00:00:00Z,73,0-3,0,3,R,0,Mork Mulder Ariel,L,0
Social,1,Basil,Male,2020-09-03T00:00:00Z,73,0-3,0,3,R,0,Mork Mulder Ariel,R,1
Social,1,Juan,Male,2020-09-03T00:00:00Z,73,0-3,0,3,R,0,Mork Mulder Ariel,L,0
Social,1,Chicklet,Male,2020-09-03T00:00:00Z,73,0-3,0,3,R,0,Mork Mulder Ariel,L,0
Social,1,Flute,Female,2020-09-03T00:00:00Z,73,0-3,0,3,R,0,Mork Mulder Ariel,R,1
Social,1,Rooster,Male,2020-09-03T00:00:00Z,73,0-3,0,3,R,0,Mork Mulder Ariel,R,1
Social,1,Hippolyta,Female,2020-09-03T00:00:00Z,73,0-3,0,3,R,0,Mork Mulder Ariel,R,1
Social,1,Hippolyta,Female,2020-09-04T00:00:00Z,74,1-3,1,3,L,Saffron,Fox Mork Mulder,R,0
Social,1,Robin,Female,2020-09-04T00:00:00Z,74,1-3,1,3,L,Saffron,Fox Mork Mulder,R,0
Social,1,Dill,Male,2020-09-04T00:00:00Z,74,1-3,1,3,L,Saffron,Fox Mork Mulder,R,0
Social,1,Flute,Female,2020-09-04T00:00:00Z,74,1-3,1,3,L,Saffron,Fox Mork Mulder,L,1
Social,1,Black Elk,Male,2020-09-04T00:00:00Z,74,1-3,1,3,L,Saffron,Fox Mork Mulder,L,1
Social,1,Chicklet,Male,2020-09-04T00:00:00Z,74,1-3,1,3,L,Saffron,Fox Mork Mulder,L,1
Social,1,Juan,Male,2020-09-04T00:00:00Z,74,1-3,1,3,L,Saffron,Fox Mork Mulder,R,0
Social,1,Juniper,Female,2020-09-04T00:00:00Z,74,1-3,1,3,L,Saffron,Fox Mork Mulder,L,1
Social,1,Basil,Male,2020-09-04T00:00:00Z,74,1-3,1,3,L,Saffron,Fox Mork Mulder,R,0
Social,1,Rooster,Male,2020-09-04T00:00:00Z,74,1-3,1,3,L,Saffron,Fox Mork Mulder,R,0
Social,1,Robin,Female,2020-09-11T00:00:00Z,75,4-6,4,6,L,Pease Quince Saffron Zappa,Mork Sebastian Egeus Mulder Fox Ariel,L,1
Social,1,Flute,Female,2020-09-11T00:00:00Z,75,4-6,4,6,L,Pease Quince Saffron Zappa,Mork Sebastian Egeus Mulder Fox Ariel,L,1
Social,1,Dill,Male,2020-09-11T00:00:00Z,75,4-6,4,6,L,Pease Quince Saffron Zappa,Mork Sebastian Egeus Mulder Fox Ariel,L,1
Social,1,Rooster,Male,2020-09-11T00:00:00Z,75,4-6,4,6,L,Pease Quince Saffron Zappa,Mork Sebastian Egeus Mulder Fox Ariel,R,0
Social,1,Juan,Male,2020-09-11T00:00:00Z,75,4-6,4,6,L,Pease Quince Saffron Zappa,Mork Sebastian Egeus Mulder Fox Ariel,L,1
Social,1,Basil,Male,2020-09-11T00:00:00Z,75,4-6,4,6,L,Pease Quince Saffron Zappa,Mork Sebastian Egeus Mulder Fox Ariel,L,1
Social,1,Black Elk,Male,2020-09-11T00:00:00Z,75,4-6,4,6,L,Pease Quince Saffron Zappa,Mork Sebastian Egeus Mulder Fox Ariel,L,1
Social,1,Chicklet,Male,2020-09-11T00:00:00Z,75,4-6,4,6,L,Pease Quince Saffron Zappa,Mork Sebastian Egeus Mulder Fox Ariel,L,1
Social,1,Hippolyta,Female,2020-09-11T00:00:00Z,75,4-6,4,6,L,Pease Quince Saffron Zappa,Mork Sebastian Egeus Mulder Fox Ariel,L,1
Social,1,Juniper,Female,2020-09-11T00:00:00Z,75,4-6,4,6,L,Pease Quince Saffron Zappa,Mork Sebastian Egeus Mulder Fox Ariel,L,1
Social,1,Dill,Male,2020-09-14T00:00:00Z,76,2-5,2,5,L,Cash Zappa,Fox Egeus Mulder Ariel Mork,R,0
Social,1,Juniper,Female,2020-09-14T00:00:00Z,76,2-5,2,5,R,Cash Zappa,Fox Egeus Mulder Ariel Mork,R,1
Social,1,Rooster,Male,2020-09-14T00:00:00Z,76,2-5,2,5,R,Cash Zappa,Fox Egeus Mulder Ariel Mork,R,1
Social,1,Hippolyta,Female,2020-09-14T00:00:00Z,76,2-5,2,5,R,Cash Zappa,Fox Egeus Mulder Ariel Mork,L,0
Social,1,Black Elk,Male,2020-09-14T00:00:00Z,76,2-5,2,5,R,Cash Zappa,Fox Egeus Mulder Ariel Mork,R,1
Social,1,Chicklet,Male,2020-09-14T00:00:00Z,76,2-5,2,5,R,Cash Zappa,Fox Egeus Mulder Ariel Mork,R,1
Social,1,Flute,Female,2020-09-14T00:00:00Z,76,2-5,2,5,R,Cash Zappa,Fox Egeus Mulder Ariel Mork,R,1
Social,1,Juan,Male,2020-09-14T00:00:00Z,76,2-5,2,5,R,Cash Zappa,Fox Egeus Mulder Ariel Mork,L,0
Social,1,Robin,Female,2020-09-14T00:00:00Z,76,2-5,2,5,R,Cash Zappa,Fox Egeus Mulder Ariel Mork,L,0
Social,1,Basil,Male,2020-09-14T00:00:00Z,76,2-5,2,5,R,Cash Zappa,Fox Egeus Mulder Ariel Mork,R,1
Social,1,Flute,Female,2020-09-15T00:00:00Z,77,3-5,3,5,L,Cash Quince Pease,Egeus Mork Mulder Fox Ariel,R,0
Social,1,Rooster,Male,2020-09-15T00:00:00Z,77,3-5,3,5,L,Cash Quince Pease,Egeus Mork Mulder Fox Ariel,R,0
Social,1,Black Elk,Male,2020-09-15T00:00:00Z,77,3-5,3,5,L,Cash Quince Pease,Egeus Mork Mulder Fox Ariel,L,1
Social,1,Chicklet,Male,2020-09-15T00:00:00Z,77,3-5,3,5,L,Cash Quince Pease,Egeus Mork Mulder Fox Ariel,L,1
Social,1,Robin,Female,2020-09-15T00:00:00Z,77,3-5,3,5,L,Cash Quince Pease,Egeus Mork Mulder Fox Ariel,L,1
Social,1,Juan,Male,2020-09-15T00:00:00Z,77,3-5,3,5,L,Cash Quince Pease,Egeus Mork Mulder Fox Ariel,L,1
Social,1,Juniper,Female,2020-09-15T00:00:00Z,77,3-5,3,5,L,Cash Quince Pease,Egeus Mork Mulder Fox Ariel,R,0
Social,1,Dill,Male,2020-09-15T00:00:00Z,77,3-5,3,5,L,Cash Quince Pease,Egeus Mork Mulder Fox Ariel,L,1
Social,1,Hippolyta,Female,2020-09-15T00:00:00Z,77,3-5,3,5,L,Cash Quince Pease,Egeus Mork Mulder Fox Ariel,L,1
Social,1,Basil,Male,2020-09-15T00:00:00Z,77,3-5,3,5,L,Cash Quince Pease,Egeus Mork Mulder Fox Ariel,R,0
Social,1,Juniper,Female,2020-09-17T00:00:00Z,78,0-2,0,2,R,0,Mulder Fox,R,1
Social,1,Black Elk,Male,2020-09-17T00:00:00Z,78,0-2,0,2,R,0,Mulder Fox,R,1
Social,1,Rooster,Male,2020-09-17T00:00:00Z,78,0-2,0,2,R,0,Mulder Fox,L,0
Social,1,Hippolyta,Female,2020-09-17T00:00:00Z,78,0-2,0,2,R,0,Mulder Fox,L,0
Social,1,Flute,Female,2020-09-17T00:00:00Z,78,0-2,0,2,R,0,Mulder Fox,R,1
Social,1,Dill,Male,2020-09-17T00:00:00Z,78,0-2,0,2,R,0,Mulder Fox,L,0
Social,1,Juan,Male,2020-09-17T00:00:00Z,78,0-2,0,2,R,0,Mulder Fox,L,0
Social,1,Basil,Male,2020-09-17T00:00:00Z,78,0-2,0,2,R,0,Mulder Fox,L,0
Social,1,Chicklet,Male,2020-09-17T00:00:00Z,78,0-2,0,2,R,0,Mulder Fox,L,0
Social,1,Robin,Female,2020-09-17T00:00:00Z,78,0-2,0,2,R,0,Mulder Fox,L,0
Social,1,Juniper,Female,2020-09-18T00:00:00Z,79,0-4,0,4,L,0,Mork Egeus Fox Ariel,L,1
Social,1,Flute,Female,2020-09-18T00:00:00Z,79,0-4,0,4,L,0,Mork Egeus Fox Ariel,R,0
Social,1,Basil,Male,2020-09-18T00:00:00Z,79,0-4,0,4,L,0,Mork Egeus Fox Ariel,L,1
Social,1,Chicklet,Male,2020-09-18T00:00:00Z,79,0-4,0,4,L,0,Mork Egeus Fox Ariel,L,1
Social,1,Hippolyta,Female,2020-09-18T00:00:00Z,79,0-4,0,4,L,0,Mork Egeus Fox Ariel,R,0
Social,1,Dill,Male,2020-09-18T00:00:00Z,79,0-4,0,4,L,0,Mork Egeus Fox Ariel,L,1
Social,1,Juan,Male,2020-09-18T00:00:00Z,79,0-4,0,4,L,0,Mork Egeus Fox Ariel,R,0
Social,1,Rooster,Male,2020-09-18T00:00:00Z,79,0-4,0,4,L,0,Mork Egeus Fox Ariel,L,1
Social,1,Robin,Female,2020-09-18T00:00:00Z,79,0-4,0,4,L,0,Mork Egeus Fox Ariel,L,1
Social,1,Black Elk,Male,2020-09-18T00:00:00Z,79,0-4,0,4,L,0,Mork Egeus Fox Ariel,L,1
Social,1,Basil,Male,2020-09-21T00:00:00Z,80,1-4,1,4,R,Zappa,Sebastian Mulder Egeus Ariel,R,1
Social,1,Juniper,Female,2020-09-21T00:00:00Z,80,1-4,1,4,R,Zappa,Sebastian Mulder Egeus Ariel,R,1
Social,1,Rooster,Male,2020-09-21T00:00:00Z,80,1-4,1,4,R,Zappa,Sebastian Mulder Egeus Ariel,L,0
Social,1,Black Elk,Male,2020-09-21T00:00:00Z,80,1-4,1,4,R,Zappa,Sebastian Mulder Egeus Ariel,L,0
Social,1,Flute,Female,2020-09-21T00:00:00Z,80,1-4,1,4,R,Zappa,Sebastian Mulder Egeus Ariel,R,1
Social,1,Dill,Male,2020-09-21T00:00:00Z,80,1-4,1,4,R,Zappa,Sebastian Mulder Egeus Ariel,R,1
Social,1,Chicklet,Male,2020-09-21T00:00:00Z,80,1-4,1,4,R,Zappa,Sebastian Mulder Egeus Ariel,R,1
Social,1,Juan,Male,2020-09-21T00:00:00Z,80,1-4,1,4,R,Zappa,Sebastian Mulder Egeus Ariel,R,1
Social,1,Robin,Female,2020-09-21T00:00:00Z,80,1-4,1,4,R,Zappa,Sebastian Mulder Egeus Ariel,L,0
Social,1,Hippolyta,Female,2020-09-21T00:00:00Z,80,1-4,1,4,R,Zappa,Sebastian Mulder Egeus Ariel,R,1
Social,1,Basil,Male,2020-09-22T00:00:00Z,81,5-6,5,6,R,Saffron Zappa Pease Cash Quince,Egeus Mork Mulder Sebastian Fox Ariel,L,0
Social,1,Chicklet,Male,2020-09-22T00:00:00Z,81,5-6,5,6,R,Saffron Zappa Pease Cash Quince,Egeus Mork Mulder Sebastian Fox Ariel,R,1
Social,1,Juniper,Female,2020-09-22T00:00:00Z,81,5-6,5,6,R,Saffron Zappa Pease Cash Quince,Egeus Mork Mulder Sebastian Fox Ariel,R,1
Social,1,Black Elk,Male,2020-09-22T00:00:00Z,81,5-6,5,6,R,Saffron Zappa Pease Cash Quince,Egeus Mork Mulder Sebastian Fox Ariel,R,1
Social,1,Rooster,Male,2020-09-22T00:00:00Z,81,5-6,5,6,R,Saffron Zappa Pease Cash Quince,Egeus Mork Mulder Sebastian Fox Ariel,R,1
Social,1,Robin,Female,2020-09-22T00:00:00Z,81,5-6,5,6,R,Saffron Zappa Pease Cash Quince,Egeus Mork Mulder Sebastian Fox Ariel,L,0
Social,1,Dill,Male,2020-09-22T00:00:00Z,81,5-6,5,6,R,Saffron Zappa Pease Cash Quince,Egeus Mork Mulder Sebastian Fox Ariel,L,0
Social,1,Flute,Female,2020-09-22T00:00:00Z,81,5-6,5,6,R,Saffron Zappa Pease Cash Quince,Egeus Mork Mulder Sebastian Fox Ariel,R,1
Social,1,Juan,Male,2020-09-22T00:00:00Z,81,5-6,5,6,R,Saffron Zappa Pease Cash Quince,Egeus Mork Mulder Sebastian Fox Ariel,R,1
Social,1,Hippolyta,Female,2020-09-22T00:00:00Z,81,5-6,5,6,R,Saffron Zappa Pease Cash Quince,Egeus Mork Mulder Sebastian Fox Ariel,R,1
Social,1,Juan,Male,2020-09-23T00:00:00Z,82,0-5,0,5,L,0,Mork Mulder Sebastian Fox Egeus,R,0
Social,1,Black Elk,Male,2020-09-23T00:00:00Z,82,0-5,0,5,L,0,Mork Mulder Sebastian Fox Egeus,L,1
Social,1,Juniper,Female,2020-09-23T00:00:00Z,82,0-5,0,5,L,0,Mork Mulder Sebastian Fox Egeus,L,1
Social,1,Rooster,Male,2020-09-23T00:00:00Z,82,0-5,0,5,L,0,Mork Mulder Sebastian Fox Egeus,L,1
Social,1,Hippolyta,Female,2020-09-23T00:00:00Z,82,0-5,0,5,L,0,Mork Mulder Sebastian Fox Egeus,R,0
Social,1,Flute,Female,2020-09-23T00:00:00Z,82,0-5,0,5,L,0,Mork Mulder Sebastian Fox Egeus,L,1
Social,1,Basil,Male,2020-09-23T00:00:00Z,82,0-5,0,5,L,0,Mork Mulder Sebastian Fox Egeus,L,1
Social,1,Dill,Male,2020-09-23T00:00:00Z,82,0-5,0,5,L,0,Mork Mulder Sebastian Fox Egeus,L,1
Social,1,Chicklet,Male,2020-09-23T00:00:00Z,82,0-5,0,5,L,0,Mork Mulder Sebastian Fox Egeus,L,1
Social,1,Robin,Female,2020-09-23T00:00:00Z,82,0-5,0,5,L,0,Mork Mulder Sebastian Fox Egeus,L,1
Social,1,Rooster,Male,2020-09-24T00:00:00Z,83,4-5,4,5,R,Pease Saffron Cash Zappa,Fox Mork Sebastian Egeus Ariel,L,0
Social,1,Dill,Male,2020-09-24T00:00:00Z,83,4-5,4,5,R,Pease Saffron Cash Zappa,Fox Mork Sebastian Egeus Ariel,L,0
Social,1,Hippolyta,Female,2020-09-24T00:00:00Z,83,4-5,4,5,R,Pease Saffron Cash Zappa,Fox Mork Sebastian Egeus Ariel,L,0
Social,1,Juniper,Female,2020-09-24T00:00:00Z,83,4-5,4,5,R,Pease Saffron Cash Zappa,Fox Mork Sebastian Egeus Ariel,R,1
Social,1,Chicklet,Male,2020-09-24T00:00:00Z,83,4-5,4,5,R,Pease Saffron Cash Zappa,Fox Mork Sebastian Egeus Ariel,R,1
Social,1,Basil,Male,2020-09-24T00:00:00Z,83,4-5,4,5,R,Pease Saffron Cash Zappa,Fox Mork Sebastian Egeus Ariel,L,0
Social,1,Juan,Male,2020-09-24T00:00:00Z,83,4-5,4,5,R,Pease Saffron Cash Zappa,Fox Mork Sebastian Egeus Ariel,L,0
Social,1,Robin,Female,2020-09-24T00:00:00Z,83,4-5,4,5,R,Pease Saffron Cash Zappa,Fox Mork Sebastian Egeus Ariel,L,0
Social,1,Black Elk,Male,2020-09-24T00:00:00Z,83,4-5,4,5,R,Pease Saffron Cash Zappa,Fox Mork Sebastian Egeus Ariel,R,1
Social,1,Flute,Female,2020-09-24T00:00:00Z,83,4-5,4,5,R,Pease Saffron Cash Zappa,Fox Mork Sebastian Egeus Ariel,R,1
Social,1,Juan,Male,2020-09-25T00:00:00Z,84,0-6,0,6,L,0,Mork Mulder Fox Ariel Sebastian Egeus,R,0
Social,1,Chicklet,Male,2020-09-25T00:00:00Z,84,0-6,0,6,L,0,Mork Mulder Fox Ariel Sebastian Egeus,L,1
Social,1,Black Elk,Male,2020-09-25T00:00:00Z,84,0-6,0,6,L,0,Mork Mulder Fox Ariel Sebastian Egeus,L,1
Social,1,Flute,Female,2020-09-25T00:00:00Z,84,0-6,0,6,L,0,Mork Mulder Fox Ariel Sebastian Egeus,L,1
Social,1,Rooster,Male,2020-09-25T00:00:00Z,84,0-6,0,6,L,0,Mork Mulder Fox Ariel Sebastian Egeus,R,0
Social,1,Juniper,Female,2020-09-25T00:00:00Z,84,0-6,0,6,L,0,Mork Mulder Fox Ariel Sebastian Egeus,L,1
Social,1,Basil,Male,2020-09-25T00:00:00Z,84,0-6,0,6,L,0,Mork Mulder Fox Ariel Sebastian Egeus,L,1
Social,1,Robin,Female,2020-09-25T00:00:00Z,84,0-6,0,6,L,0,Mork Mulder Fox Ariel Sebastian Egeus,L,1
Social,1,Hippolyta,Female,2020-09-25T00:00:00Z,84,0-6,0,6,L,0,Mork Mulder Fox Ariel Sebastian Egeus,L,1
Social,1,Dill,Male,2020-09-25T00:00:00Z,84,0-6,0,6,L,0,Mork Mulder Fox Ariel Sebastian Egeus,L,1
Social,1,Robin,Female,2020-09-28T00:00:00Z,85,0-6,0,6,L,0,Egeus Mulder Ariel Mork Sebastian Fox,R,0
Social,1,Juniper,Female,2020-09-28T00:00:00Z,85,0-6,0,6,L,0,Egeus Mulder Ariel Mork Sebastian Fox,R,0
Social,1,Flute,Female,2020-09-28T00:00:00Z,85,0-6,0,6,L,0,Egeus Mulder Ariel Mork Sebastian Fox,R,0
Social,1,Basil,Male,2020-09-28T00:00:00Z,85,0-6,0,6,L,0,Egeus Mulder Ariel Mork Sebastian Fox,R,0
Social,1,Hippolyta,Female,2020-09-28T00:00:00Z,85,0-6,0,6,L,0,Egeus Mulder Ariel Mork Sebastian Fox,L,1
Social,1,Dill,Male,2020-09-28T00:00:00Z,85,0-6,0,6,L,0,Egeus Mulder Ariel Mork Sebastian Fox,L,1
Social,1,Rooster,Male,2020-09-28T00:00:00Z,85,0-6,0,6,L,0,Egeus Mulder Ariel Mork Sebastian Fox,L,1
Social,1,Black Elk,Male,2020-09-28T00:00:00Z,85,0-6,0,6,L,0,Egeus Mulder Ariel Mork Sebastian Fox,R,0
Social,1,Chicklet,Male,2020-09-28T00:00:00Z,85,0-6,0,6,L,0,Egeus Mulder Ariel Mork Sebastian Fox,R,0
Social,1,Juan,Male,2020-09-28T00:00:00Z,85,0-6,0,6,L,0,Egeus Mulder Ariel Mork Sebastian Fox,R,0
Social,1,Flute,Female,2020-09-30T00:00:00Z,86,1-3,1,3,R,Saffron,Fox Egeus Mork,R,1
Social,1,Rooster,Male,2020-09-30T00:00:00Z,86,1-3,1,3,R,Saffron,Fox Egeus Mork,L,0
Social,1,Black Elk,Male,2020-09-30T00:00:00Z,86,1-3,1,3,R,Saffron,Fox Egeus Mork,R,1
Social,1,Chicklet,Male,2020-09-30T00:00:00Z,86,1-3,1,3,R,Saffron,Fox Egeus Mork,R,1
Social,1,Robin,Female,2020-09-30T00:00:00Z,86,1-3,1,3,R,Saffron,Fox Egeus Mork,L,0
Social,1,Juan,Male,2020-09-30T00:00:00Z,86,1-3,1,3,R,Saffron,Fox Egeus Mork,R,1
Social,1,Juniper,Female,2020-09-30T00:00:00Z,86,1-3,1,3,R,Saffron,Fox Egeus Mork,R,1
Social,1,Hippolyta,Female,2020-09-30T00:00:00Z,86,1-3,1,3,R,Saffron,Fox Egeus Mork,R,1
Social,1,Dill,Male,2020-09-30T00:00:00Z,86,1-3,1,3,R,Saffron,Fox Egeus Mork,L,0
Social,1,Basil,Male,2020-09-30T00:00:00Z,86,1-3,1,3,R,Saffron,Fox Egeus Mork,R,1
Social,1,Chicklet,Male,2020-10-01T00:00:00Z,87,2-5,2,5,R,Saffron Quince,Mork Bruno Egeus Ariel Mulder,R,1
Social,1,Juniper,Female,2020-10-01T00:00:00Z,87,2-5,2,5,R,Saffron Quince,Mork Bruno Egeus Ariel Mulder,R,1
Social,1,Black Elk,Male,2020-10-01T00:00:00Z,87,2-5,2,5,R,Saffron Quince,Mork Bruno Egeus Ariel Mulder,R,1
Social,1,Flute,Female,2020-10-01T00:00:00Z,87,2-5,2,5,R,Saffron Quince,Mork Bruno Egeus Ariel Mulder,R,1
Social,1,Rooster,Male,2020-10-01T00:00:00Z,87,2-5,2,5,R,Saffron Quince,Mork Bruno Egeus Ariel Mulder,L,0
Social,1,Basil,Male,2020-10-01T00:00:00Z,87,2-5,2,5,R,Saffron Quince,Mork Bruno Egeus Ariel Mulder,R,1
Social,1,Robin,Female,2020-10-01T00:00:00Z,87,2-5,2,5,R,Saffron Quince,Mork Bruno Egeus Ariel Mulder,L,0
Social,1,Dill,Male,2020-10-01T00:00:00Z,87,2-5,2,5,R,Saffron Quince,Mork Bruno Egeus Ariel Mulder,R,1
Social,1,Hippolyta,Female,2020-10-01T00:00:00Z,87,2-5,2,5,R,Saffron Quince,Mork Bruno Egeus Ariel Mulder,R,1
Social,1,Juan,Male,2020-10-01T00:00:00Z,87,2-5,2,5,R,Saffron Quince,Mork Bruno Egeus Ariel Mulder,R,1
Social,1,Dill,Male,2020-10-08T00:00:00Z,88,5-6,5,6,L,Quince Saffron Zappa Pease Cash,Bruno Mulder Fox Ariel Egeus Mork,L,1
Social,1,Juan,Male,2020-10-08T00:00:00Z,88,5-6,5,6,L,Quince Saffron Zappa Pease Cash,Bruno Mulder Fox Ariel Egeus Mork,L,1
Social,1,Rooster,Male,2020-10-08T00:00:00Z,88,5-6,5,6,L,Quince Saffron Zappa Pease Cash,Bruno Mulder Fox Ariel Egeus Mork,R,0
Social,1,Robin,Female,2020-10-08T00:00:00Z,88,5-6,5,6,L,Quince Saffron Zappa Pease Cash,Bruno Mulder Fox Ariel Egeus Mork,L,1
Social,1,Flute,Female,2020-10-08T00:00:00Z,88,5-6,5,6,L,Quince Saffron Zappa Pease Cash,Bruno Mulder Fox Ariel Egeus Mork,R,0
Social,1,Chicklet,Male,2020-10-08T00:00:00Z,88,5-6,5,6,L,Quince Saffron Zappa Pease Cash,Bruno Mulder Fox Ariel Egeus Mork,L,1
Social,1,Basil,Male,2020-10-08T00:00:00Z,88,5-6,5,6,L,Quince Saffron Zappa Pease Cash,Bruno Mulder Fox Ariel Egeus Mork,L,1
Social,1,Juniper,Female,2020-10-08T00:00:00Z,88,5-6,5,6,L,Quince Saffron Zappa Pease Cash,Bruno Mulder Fox Ariel Egeus Mork,L,1
Social,1,Black Elk,Male,2020-10-08T00:00:00Z,88,5-6,5,6,L,Quince Saffron Zappa Pease Cash,Bruno Mulder Fox Ariel Egeus Mork,L,1
Social,1,Hippolyta,Female,2020-10-08T00:00:00Z,88,5-6,5,6,L,Quince Saffron Zappa Pease Cash,Bruno Mulder Fox Ariel Egeus Mork,L,1
Social,1,Rooster,Male,2020-10-09T00:00:00Z,89,1-2,1,2,R,Quince,Mork Mulder,R,1
Social,1,Dill,Male,2020-10-09T00:00:00Z,89,1-2,1,2,R,Quince,Mork Mulder,R,1
Social,1,Hippolyta,Female,2020-10-09T00:00:00Z,89,1-2,1,2,R,Quince,Mork Mulder,L,0
Social,1,Black Elk,Male,2020-10-09T00:00:00Z,89,1-2,1,2,R,Quince,Mork Mulder,L,0
Social,1,Juniper,Female,2020-10-09T00:00:00Z,89,1-2,1,2,R,Quince,Mork Mulder,L,0
Social,1,Robin,Female,2020-10-09T00:00:00Z,89,1-2,1,2,R,Quince,Mork Mulder,L,0
Social,1,Basil,Male,2020-10-09T00:00:00Z,89,1-2,1,2,R,Quince,Mork Mulder,L,0
Social,1,Chicklet,Male,2020-10-09T00:00:00Z,89,1-2,1,2,R,Quince,Mork Mulder,L,0
Social,1,Flute,Female,2020-10-09T00:00:00Z,89,1-2,1,2,R,Quince,Mork Mulder,R,1
Social,1,Juan,Male,2020-10-09T00:00:00Z,89,1-2,1,2,R,Quince,Mork Mulder,R,1
Social,1,Robin,Female,2020-10-12T00:00:00Z,90,0-2,0,2,L,0,Ariel Egeus,L,1
Social,1,Rooster,Male,2020-10-12T00:00:00Z,90,0-2,0,2,L,0,Ariel Egeus,L,1
Social,1,Juan,Male,2020-10-12T00:00:00Z,90,0-2,0,2,L,0,Ariel Egeus,R,0
Social,1,Juniper,Female,2020-10-12T00:00:00Z,90,0-2,0,2,L,0,Ariel Egeus,R,0
Social,1,Basil,Male,2020-10-12T00:00:00Z,90,0-2,0,2,L,0,Ariel Egeus,L,1
Social,1,Black Elk,Male,2020-10-12T00:00:00Z,90,0-2,0,2,L,0,Ariel Egeus,R,0
Social,1,Dill,Male,2020-10-12T00:00:00Z,90,0-2,0,2,L,0,Ariel Egeus,L,1
Social,1,Hippolyta,Female,2020-10-12T00:00:00Z,90,0-2,0,2,L,0,Ariel Egeus,L,1
Social,1,Chicklet,Male,2020-10-12T00:00:00Z,90,0-2,0,2,L,0,Ariel Egeus,R,0
Social,1,Flute,Female,2020-10-12T00:00:00Z,90,0-2,0,2,L,0,Ariel Egeus,R,0
Social,1,Chicklet,Male,2020-10-13T00:00:00Z,91,2-6,2,6,L,Quince Zappa,Mulder Mork Fox Bruno Egeus Ariel,R,0
Social,1,Rooster,Male,2020-10-13T00:00:00Z,91,2-6,2,6,L,Quince Zappa,Mulder Mork Fox Bruno Egeus Ariel,R,0
Social,1,Flute,Female,2020-10-13T00:00:00Z,91,2-6,2,6,L,Quince Zappa,Mulder Mork Fox Bruno Egeus Ariel,R,0
Social,1,Robin,Female,2020-10-13T00:00:00Z,91,2-6,2,6,L,Quince Zappa,Mulder Mork Fox Bruno Egeus Ariel,L,1
Social,1,Hippolyta,Female,2020-10-13T00:00:00Z,91,2-6,2,6,L,Quince Zappa,Mulder Mork Fox Bruno Egeus Ariel,R,0
Social,1,Basil,Male,2020-10-13T00:00:00Z,91,2-6,2,6,L,Quince Zappa,Mulder Mork Fox Bruno Egeus Ariel,R,0
Social,1,Black Elk,Male,2020-10-13T00:00:00Z,91,2-6,2,6,L,Quince Zappa,Mulder Mork Fox Bruno Egeus Ariel,R,0
Social,1,Juniper,Female,2020-10-13T00:00:00Z,91,2-6,2,6,L,Quince Zappa,Mulder Mork Fox Bruno Egeus Ariel,L,1
Social,1,Dill,Male,2020-10-13T00:00:00Z,91,2-6,2,6,L,Quince Zappa,Mulder Mork Fox Bruno Egeus Ariel,L,1
Social,1,Juan,Male,2020-10-13T00:00:00Z,91,2-6,2,6,L,Quince Zappa,Mulder Mork Fox Bruno Egeus Ariel,R,0
Social,1,Rooster,Male,2020-10-15T00:00:00Z,92,0-4,0,4,R,0,Mork Mulder Fox Bruno,L,0
Social,1,Basil,Male,2020-10-15T00:00:00Z,92,0-4,0,4,R,0,Mork Mulder Fox Bruno,L,0
Social,1,Robin,Female,2020-10-15T00:00:00Z,92,0-4,0,4,R,0,Mork Mulder Fox Bruno,L,0
Social,1,Dill,Male,2020-10-15T00:00:00Z,92,0-4,0,4,R,0,Mork Mulder Fox Bruno,L,0
Social,1,Black Elk,Male,2020-10-15T00:00:00Z,92,0-4,0,4,R,0,Mork Mulder Fox Bruno,L,0
Social,1,Juan,Male,2020-10-15T00:00:00Z,92,0-4,0,4,R,0,Mork Mulder Fox Bruno,R,1
Social,1,Juniper,Female,2020-10-15T00:00:00Z,92,0-4,0,4,R,0,Mork Mulder Fox Bruno,L,0
Social,1,Flute,Female,2020-10-15T00:00:00Z,92,0-4,0,4,R,0,Mork Mulder Fox Bruno,R,1
Social,1,Hippolyta,Female,2020-10-15T00:00:00Z,92,0-4,0,4,R,0,Mork Mulder Fox Bruno,R,1
Social,1,Chicklet,Male,2020-10-15T00:00:00Z,92,0-4,0,4,R,0,Mork Mulder Fox Bruno,L,0
Social,1,Flute,Female,2020-10-16T00:00:00Z,93,2-3,2,3,R,Saffron Pease,Fox Mulder Ariel,R,1
Social,1,Juniper,Female,2020-10-16T00:00:00Z,93,2-3,2,3,R,Saffron Pease,Fox Mulder Ariel,L,0
Social,1,Basil,Male,2020-10-16T00:00:00Z,93,2-3,2,3,R,Saffron Pease,Fox Mulder Ariel,R,1
Social,1,Robin,Female,2020-10-16T00:00:00Z,93,2-3,2,3,R,Saffron Pease,Fox Mulder Ariel,L,0
Social,1,Hippolyta,Female,2020-10-16T00:00:00Z,93,2-3,2,3,R,Saffron Pease,Fox Mulder Ariel,R,1
Social,1,Dill,Male,2020-10-16T00:00:00Z,93,2-3,2,3,R,Saffron Pease,Fox Mulder Ariel,L,0
Social,1,Rooster,Male,2020-10-16T00:00:00Z,93,2-3,2,3,R,Saffron Pease,Fox Mulder Ariel,L,0
Social,1,Juan,Male,2020-10-16T00:00:00Z,93,2-3,2,3,R,Saffron Pease,Fox Mulder Ariel,R,1
Social,1,Black Elk,Male,2020-10-16T00:00:00Z,93,2-3,2,3,R,Saffron Pease,Fox Mulder Ariel,L,0
Social,1,Chicklet,Male,2020-10-16T00:00:00Z,93,2-3,2,3,R,Saffron Pease,Fox Mulder Ariel,L,0
Social,1,Hippolyta,Female,2020-10-19T00:00:00Z,94,4-6,4,6,L,Saffron Cash Quince Zappa,Bruno Fox Ariel Mulder Egeus Mork,R,0
Social,1,Robin,Female,2020-10-19T00:00:00Z,94,4-6,4,6,L,Saffron Cash Quince Zappa,Bruno Fox Ariel Mulder Egeus Mork,L,1
Social,1,Dill,Male,2020-10-19T00:00:00Z,94,4-6,4,6,L,Saffron Cash Quince Zappa,Bruno Fox Ariel Mulder Egeus Mork,R,0
Social,1,Juniper,Female,2020-10-19T00:00:00Z,94,4-6,4,6,L,Saffron Cash Quince Zappa,Bruno Fox Ariel Mulder Egeus Mork,R,0
Social,1,Juan,Male,2020-10-19T00:00:00Z,94,4-6,4,6,L,Saffron Cash Quince Zappa,Bruno Fox Ariel Mulder Egeus Mork,R,0
Social,1,Rooster,Male,2020-10-19T00:00:00Z,94,4-6,4,6,L,Saffron Cash Quince Zappa,Bruno Fox Ariel Mulder Egeus Mork,R,0
Social,1,Basil,Male,2020-10-19T00:00:00Z,94,4-6,4,6,L,Saffron Cash Quince Zappa,Bruno Fox Ariel Mulder Egeus Mork,R,0
Social,1,Flute,Female,2020-10-19T00:00:00Z,94,4-6,4,6,L,Saffron Cash Quince Zappa,Bruno Fox Ariel Mulder Egeus Mork,L,1
Social,1,Black Elk,Male,2020-10-19T00:00:00Z,94,4-6,4,6,L,Saffron Cash Quince Zappa,Bruno Fox Ariel Mulder Egeus Mork,R,0
Social,1,Chicklet,Male,2020-10-19T00:00:00Z,94,4-6,4,6,L,Saffron Cash Quince Zappa,Bruno Fox Ariel Mulder Egeus Mork,R,0
Social,1,Basil,Male,2021-01-28T00:00:00Z,95,0-5,0,5,R,0,Egeus Pease Ariel Mulder Fox,R,1
Social,1,Rooster,Male,2021-01-28T00:00:00Z,95,0-5,0,5,R,0,Egeus Pease Ariel Mulder Fox,L,0
Social,1,Juan,Male,2021-01-28T00:00:00Z,95,0-5,0,5,R,0,Egeus Pease Ariel Mulder Fox,L,0
Social,1,Hippolyta,Female,2021-01-28T00:00:00Z,95,0-5,0,5,R,0,Egeus Pease Ariel Mulder Fox,R,1
Social,1,Juniper,Female,2021-01-28T00:00:00Z,95,0-5,0,5,R,0,Egeus Pease Ariel Mulder Fox,R,1
Social,1,Black Elk,Male,2021-01-28T00:00:00Z,95,0-5,0,5,R,0,Egeus Pease Ariel Mulder Fox,R,1
Social,1,Chicklet,Male,2021-01-28T00:00:00Z,95,0-5,0,5,R,0,Egeus Pease Ariel Mulder Fox,R,1
Social,1,Flute,Female,2021-01-28T00:00:00Z,95,0-5,0,5,R,0,Egeus Pease Ariel Mulder Fox,L,0
Social,1,Dill,Male,2021-01-28T00:00:00Z,95,0-5,0,5,R,0,Egeus Pease Ariel Mulder Fox,R,1
Social,1,Robin,Female,2021-01-28T00:00:00Z,95,0-5,0,5,R,0,Egeus Pease Ariel Mulder Fox,R,1
Social,1,Chicklet,Male,2021-01-29T00:00:00Z,96,3-5,3,5,R,Zappa Quince Cash,Mulder Fox Ariel Pease Egeus,R,1
Social,1,Rooster,Male,2021-01-29T00:00:00Z,96,3-5,3,5,R,Zappa Quince Cash,Mulder Fox Ariel Pease Egeus,R,1
Social,1,Robin,Female,2021-01-29T00:00:00Z,96,3-5,3,5,R,Zappa Quince Cash,Mulder Fox Ariel Pease Egeus,L,0
Social,1,Flute,Female,2021-01-29T00:00:00Z,96,3-5,3,5,R,Zappa Quince Cash,Mulder Fox Ariel Pease Egeus,R,1
Social,1,Black Elk,Male,2021-01-29T00:00:00Z,96,3-5,3,5,R,Zappa Quince Cash,Mulder Fox Ariel Pease Egeus,R,1
Social,1,Dill,Male,2021-01-29T00:00:00Z,96,3-5,3,5,R,Zappa Quince Cash,Mulder Fox Ariel Pease Egeus,L,0
Social,1,Juan,Male,2021-01-29T00:00:00Z,96,3-5,3,5,R,Zappa Quince Cash,Mulder Fox Ariel Pease Egeus,R,1
Social,1,Juniper,Female,2021-01-29T00:00:00Z,96,3-5,3,5,R,Zappa Quince Cash,Mulder Fox Ariel Pease Egeus,R,1
Social,1,Hippolyta,Female,2021-01-29T00:00:00Z,96,3-5,3,5,R,Zappa Quince Cash,Mulder Fox Ariel Pease Egeus,R,1
Social,1,Basil,Male,2021-01-29T00:00:00Z,96,3-5,3,5,R,Zappa Quince Cash,Mulder Fox Ariel Pease Egeus,R,1
Social,1,Juniper,Female,2021-02-01T00:00:00Z,97,4-5,4,5,L,Pease Cash Zappa Saffron,Egeus Ariel Fox Sapphire Mork,R,0
Social,1,Juan,Male,2021-02-01T00:00:00Z,97,4-5,4,5,L,Pease Cash Zappa Saffron,Egeus Ariel Fox Sapphire Mork,R,0
Social,1,Black Elk,Male,2021-02-01T00:00:00Z,97,4-5,4,5,L,Pease Cash Zappa Saffron,Egeus Ariel Fox Sapphire Mork,R,0
Social,1,Dill,Male,2021-02-01T00:00:00Z,97,4-5,4,5,L,Pease Cash Zappa Saffron,Egeus Ariel Fox Sapphire Mork,L,1
Social,1,Flute,Female,2021-02-01T00:00:00Z,97,4-5,4,5,L,Pease Cash Zappa Saffron,Egeus Ariel Fox Sapphire Mork,R,0
Social,1,Robin,Female,2021-02-01T00:00:00Z,97,4-5,4,5,L,Pease Cash Zappa Saffron,Egeus Ariel Fox Sapphire Mork,L,1
Social,1,Chicklet,Male,2021-02-01T00:00:00Z,97,4-5,4,5,L,Pease Cash Zappa Saffron,Egeus Ariel Fox Sapphire Mork,R,0
Social,1,Hippolyta,Female,2021-02-01T00:00:00Z,97,4-5,4,5,L,Pease Cash Zappa Saffron,Egeus Ariel Fox Sapphire Mork,L,1
Social,1,Basil,Male,2021-02-01T00:00:00Z,97,4-5,4,5,L,Pease Cash Zappa Saffron,Egeus Ariel Fox Sapphire Mork,R,0
Social,1,Rooster,Male,2021-02-01T00:00:00Z,97,4-5,4,5,L,Pease Cash Zappa Saffron,Egeus Ariel Fox Sapphire Mork,R,0
Social,1,Basil,Male,2021-02-02T00:00:00Z,98,0-3,0,3,L,0,Fox Mork Mulder,R,0
Social,1,Rooster,Male,2021-02-02T00:00:00Z,98,0-3,0,3,L,0,Fox Mork Mulder,L,1
Social,1,Black Elk,Male,2021-02-02T00:00:00Z,98,0-3,0,3,L,0,Fox Mork Mulder,R,0
Social,1,Robin,Female,2021-02-02T00:00:00Z,98,0-3,0,3,L,0,Fox Mork Mulder,L,1
Social,1,Juniper,Female,2021-02-02T00:00:00Z,98,0-3,0,3,L,0,Fox Mork Mulder,R,0
Social,1,Hippolyta,Female,2021-02-02T00:00:00Z,98,0-3,0,3,L,0,Fox Mork Mulder,R,0
Social,1,Flute,Female,2021-02-02T00:00:00Z,98,0-3,0,3,L,0,Fox Mork Mulder,R,0
Social,1,Juan,Male,2021-02-02T00:00:00Z,98,0-3,0,3,L,0,Fox Mork Mulder,R,0
Social,1,Dill,Male,2021-02-02T00:00:00Z,98,0-3,0,3,L,0,Fox Mork Mulder,R,0
Social,1,Chicklet,Male,2021-02-02T00:00:00Z,98,0-3,0,3,L,0,Fox Mork Mulder,R,0
Social,1,Juniper,Female,2021-02-03T00:00:00Z,99,0-1,0,1,R,0,Mulder,R,1
Social,1,Juan,Male,2021-02-03T00:00:00Z,99,0-1,0,1,R,0,Mulder,R,1
Social,1,Hippolyta,Female,2021-02-03T00:00:00Z,99,0-1,0,1,R,0,Mulder,R,1
Social,1,Black Elk,Male,2021-02-03T00:00:00Z,99,0-1,0,1,R,0,Mulder,R,1
Social,1,Basil,Male,2021-02-03T00:00:00Z,99,0-1,0,1,R,0,Mulder,L,0
Social,1,Chicklet,Male,2021-02-03T00:00:00Z,99,0-1,0,1,R,0,Mulder,R,1
Social,1,Flute,Female,2021-02-03T00:00:00Z,99,0-1,0,1,R,0,Mulder,R,1
Social,1,Rooster,Male,2021-02-03T00:00:00Z,99,0-1,0,1,R,0,Mulder,R,1
Social,1,Dill,Male,2021-02-03T00:00:00Z,99,0-1,0,1,R,0,Mulder,R,1
Social,1,Robin,Female,2021-02-03T00:00:00Z,99,0-1,0,1,R,0,Mulder,L,0
Social,1,Robin,Female,2021-02-04T00:00:00Z,100,1-6,1,6,L,Cash,Sapphire Ariel Egeus Mulder Fox Mork,L,1
Social,1,Black Elk,Male,2021-02-04T00:00:00Z,100,1-6,1,6,L,Cash,Sapphire Ariel Egeus Mulder Fox Mork,L,1
Social,1,Flute,Female,2021-02-04T00:00:00Z,100,1-6,1,6,L,Cash,Sapphire Ariel Egeus Mulder Fox Mork,R,0
Social,1,Chicklet,Male,2021-02-04T00:00:00Z,100,1-6,1,6,L,Cash,Sapphire Ariel Egeus Mulder Fox Mork,L,1
Social,1,Juan,Male,2021-02-04T00:00:00Z,100,1-6,1,6,L,Cash,Sapphire Ariel Egeus Mulder Fox Mork,L,1
Social,1,Hippolyta,Female,2021-02-04T00:00:00Z,100,1-6,1,6,L,Cash,Sapphire Ariel Egeus Mulder Fox Mork,R,0
Social,1,Dill,Male,2021-02-04T00:00:00Z,100,1-6,1,6,L,Cash,Sapphire Ariel Egeus Mulder Fox Mork,L,1
Social,1,Basil,Male,2021-02-04T00:00:00Z,100,1-6,1,6,L,Cash,Sapphire Ariel Egeus Mulder Fox Mork,L,1
Social,1,Juniper,Female,2021-02-04T00:00:00Z,100,1-6,1,6,L,Cash,Sapphire Ariel Egeus Mulder Fox Mork,L,1
Social,1,Rooster,Male,2021-02-04T00:00:00Z,100,1-6,1,6,L,Cash,Sapphire Ariel Egeus Mulder Fox Mork,L,1
Social,1,Basil,Male,2021-02-05T00:00:00Z,101,3-4,3,4,L,Zappa Cash Pease,Mulder Ariel Mork Egeus,R,0
Social,1,Juan,Male,2021-02-05T00:00:00Z,101,3-4,3,4,L,Zappa Cash Pease,Mulder Ariel Mork Egeus,L,1
Social,1,Robin,Female,2021-02-05T00:00:00Z,101,3-4,3,4,L,Zappa Cash Pease,Mulder Ariel Mork Egeus,L,1
Social,1,Rooster,Male,2021-02-05T00:00:00Z,101,3-4,3,4,L,Zappa Cash Pease,Mulder Ariel Mork Egeus,R,0
Social,1,Hippolyta,Female,2021-02-05T00:00:00Z,101,3-4,3,4,L,Zappa Cash Pease,Mulder Ariel Mork Egeus,R,0
Social,1,Chicklet,Male,2021-02-05T00:00:00Z,101,3-4,3,4,L,Zappa Cash Pease,Mulder Ariel Mork Egeus,R,0
Social,1,Black Elk,Male,2021-02-05T00:00:00Z,101,3-4,3,4,L,Zappa Cash Pease,Mulder Ariel Mork Egeus,R,0
Social,1,Flute,Female,2021-02-05T00:00:00Z,101,3-4,3,4,L,Zappa Cash Pease,Mulder Ariel Mork Egeus,R,0
Social,1,Dill,Male,2021-02-05T00:00:00Z,101,3-4,3,4,L,Zappa Cash Pease,Mulder Ariel Mork Egeus,R,0
Social,1,Juniper,Female,2021-02-05T00:00:00Z,101,3-4,3,4,L,Zappa Cash Pease,Mulder Ariel Mork Egeus,R,0
Social,1,Chicklet,Male,2021-02-08T00:00:00Z,102,3-6,3,6,R,Zappa Saffron Cash,Ariel Fox Egeus Mork Sapphire Mulder,R,1
Social,1,Basil,Male,2021-02-08T00:00:00Z,102,3-6,3,6,R,Zappa Saffron Cash,Ariel Fox Egeus Mork Sapphire Mulder,R,1
Social,1,Flute,Female,2021-02-08T00:00:00Z,102,3-6,3,6,R,Zappa Saffron Cash,Ariel Fox Egeus Mork Sapphire Mulder,R,1
Social,1,Juan,Male,2021-02-08T00:00:00Z,102,3-6,3,6,R,Zappa Saffron Cash,Ariel Fox Egeus Mork Sapphire Mulder,R,1
Social,1,Black Elk,Male,2021-02-08T00:00:00Z,102,3-6,3,6,R,Zappa Saffron Cash,Ariel Fox Egeus Mork Sapphire Mulder,R,1
Social,1,Rooster,Male,2021-02-08T00:00:00Z,102,3-6,3,6,R,Zappa Saffron Cash,Ariel Fox Egeus Mork Sapphire Mulder,R,1
Social,1,Robin,Female,2021-02-08T00:00:00Z,102,3-6,3,6,R,Zappa Saffron Cash,Ariel Fox Egeus Mork Sapphire Mulder,L,0
Social,1,Hippolyta,Female,2021-02-08T00:00:00Z,102,3-6,3,6,R,Zappa Saffron Cash,Ariel Fox Egeus Mork Sapphire Mulder,R,1
Social,1,Juniper,Female,2021-02-08T00:00:00Z,102,3-6,3,6,R,Zappa Saffron Cash,Ariel Fox Egeus Mork Sapphire Mulder,R,1
Social,1,Dill,Male,2021-02-08T00:00:00Z,102,3-6,3,6,R,Zappa Saffron Cash,Ariel Fox Egeus Mork Sapphire Mulder,R,1
Social,1,Dill,Male,2021-02-09T00:00:00Z,103,1-4,1,4,L,Pease,Egeus Fox Ariel Mulder,R,0
Social,1,Juniper,Female,2021-02-09T00:00:00Z,103,1-4,1,4,L,Pease,Egeus Fox Ariel Mulder,R,0
Social,1,Basil,Male,2021-02-09T00:00:00Z,103,1-4,1,4,L,Pease,Egeus Fox Ariel Mulder,R,0
Social,1,Black Elk,Male,2021-02-09T00:00:00Z,103,1-4,1,4,L,Pease,Egeus Fox Ariel Mulder,R,0
Social,1,Rooster,Male,2021-02-09T00:00:00Z,103,1-4,1,4,L,Pease,Egeus Fox Ariel Mulder,L,1
Social,1,Juan,Male,2021-02-09T00:00:00Z,103,1-4,1,4,L,Pease,Egeus Fox Ariel Mulder,R,0
Social,1,Hippolyta,Female,2021-02-09T00:00:00Z,103,1-4,1,4,L,Pease,Egeus Fox Ariel Mulder,L,1
Social,1,Flute,Female,2021-02-09T00:00:00Z,103,1-4,1,4,L,Pease,Egeus Fox Ariel Mulder,R,0
Social,1,Chicklet,Male,2021-02-09T00:00:00Z,103,1-4,1,4,L,Pease,Egeus Fox Ariel Mulder,R,0
Social,1,Robin,Female,2021-02-09T00:00:00Z,103,1-4,1,4,L,Pease,Egeus Fox Ariel Mulder,L,1
Social,1,Black Elk,Male,2021-02-10T00:00:00Z,104,1-5,1,5,R,Quince,Ariel Mork Egeus Sapphire Mulder,R,1
Social,1,Juan,Male,2021-02-10T00:00:00Z,104,1-5,1,5,R,Quince,Ariel Mork Egeus Sapphire Mulder,L,0
Social,1,Dill,Male,2021-02-10T00:00:00Z,104,1-5,1,5,R,Quince,Ariel Mork Egeus Sapphire Mulder,L,0
Social,1,Hippolyta,Female,2021-02-10T00:00:00Z,104,1-5,1,5,R,Quince,Ariel Mork Egeus Sapphire Mulder,R,1
Social,1,Flute,Female,2021-02-10T00:00:00Z,104,1-5,1,5,R,Quince,Ariel Mork Egeus Sapphire Mulder,R,1
Social,1,Basil,Male,2021-02-10T00:00:00Z,104,1-5,1,5,R,Quince,Ariel Mork Egeus Sapphire Mulder,R,1
Social,1,Rooster,Male,2021-02-10T00:00:00Z,104,1-5,1,5,R,Quince,Ariel Mork Egeus Sapphire Mulder,L,0
Social,1,Robin,Female,2021-02-10T00:00:00Z,104,1-5,1,5,R,Quince,Ariel Mork Egeus Sapphire Mulder,L,0
Social,1,Chicklet,Male,2021-02-10T00:00:00Z,104,1-5,1,5,R,Quince,Ariel Mork Egeus Sapphire Mulder,R,1
Social,1,Juniper,Female,2021-02-10T00:00:00Z,104,1-5,1,5,R,Quince,Ariel Mork Egeus Sapphire Mulder,R,1
Social,1,Juniper,Female,2021-02-11T00:00:00Z,105,2-4,2,4,L,Zappa Cash,Ariel Fox Sapphire Mork,L,1
Social,1,Rooster,Male,2021-02-11T00:00:00Z,105,2-4,2,4,L,Zappa Cash,Ariel Fox Sapphire Mork,L,1
Social,1,Black Elk,Male,2021-02-11T00:00:00Z,105,2-4,2,4,L,Zappa Cash,Ariel Fox Sapphire Mork,L,1
Social,1,Juan,Male,2021-02-11T00:00:00Z,105,2-4,2,4,L,Zappa Cash,Ariel Fox Sapphire Mork,R,0
Social,1,Hippolyta,Female,2021-02-11T00:00:00Z,105,2-4,2,4,L,Zappa Cash,Ariel Fox Sapphire Mork,R,0
Social,1,Flute,Female,2021-02-11T00:00:00Z,105,2-4,2,4,L,Zappa Cash,Ariel Fox Sapphire Mork,L,1
Social,1,Dill,Male,2021-02-11T00:00:00Z,105,2-4,2,4,L,Zappa Cash,Ariel Fox Sapphire Mork,L,1
Social,1,Basil,Male,2021-02-11T00:00:00Z,105,2-4,2,4,L,Zappa Cash,Ariel Fox Sapphire Mork,L,1
Social,1,Robin,Female,2021-02-11T00:00:00Z,105,2-4,2,4,L,Zappa Cash,Ariel Fox Sapphire Mork,L,1
Social,1,Chicklet,Male,2021-02-11T00:00:00Z,105,2-4,2,4,L,Zappa Cash,Ariel Fox Sapphire Mork,L,1
Social,2,Dumbledore,Male,2021-10-26T00:00:00Z,1,1-3,1,3,R,Zappa,"Cash, Egeus, Sapphire",R,1
Social,2,Uno,Female,2021-10-26T00:00:00Z,1,1-3,1,3,R,Zappa,"Cash, Egeus, Sapphire",L,0
Social,2,Fozzie,Male,2021-10-26T00:00:00Z,1,1-3,1,3,R,Zappa,"Cash, Egeus, Sapphire",R,1
Social,2,Mote,Male,2021-10-26T00:00:00Z,1,1-3,1,3,R,Zappa,"Cash, Egeus, Sapphire",R,1
Social,2,Mork,Male,2021-10-26T00:00:00Z,1,1-3,1,3,R,Zappa,"Cash, Egeus, Sapphire",L,0
Social,2,Prudence,Male,2021-10-26T00:00:00Z,1,1-3,1,3,R,Zappa,"Cash, Egeus, Sapphire",L,0
Social,2,Mulder,Male,2021-10-26T00:00:00Z,1,1-3,1,3,R,Zappa,"Cash, Egeus, Sapphire",L,0
Social,2,He-man,Male,2021-10-26T00:00:00Z,1,1-3,1,3,R,Zappa,"Cash, Egeus, Sapphire",R,1
Social,2,Fern,Male,2021-10-26T00:00:00Z,1,1-3,1,3,R,Zappa,"Cash, Egeus, Sapphire",R,1
Social,2,Dartagnan,Male,2021-10-26T00:00:00Z,1,1-3,1,3,R,Zappa,"Cash, Egeus, Sapphire",L,0
Social,2,Mork,Male,2021-10-26T00:00:00Z,2,1-5,1,5,L,Chicklet,"Pease, Cash, Sapphire, Hippolyta, Quince",R,0
Social,2,Fern,Male,2021-10-26T00:00:00Z,2,1-5,1,5,L,Chicklet,"Pease, Cash, Sapphire, Hippolyta, Quince",R,0
Social,2,Uno,Female,2021-10-26T00:00:00Z,2,1-5,1,5,L,Chicklet,"Pease, Cash, Sapphire, Hippolyta, Quince",L,1
Social,2,Dartagnan,Male,2021-10-26T00:00:00Z,2,1-5,1,5,L,Chicklet,"Pease, Cash, Sapphire, Hippolyta, Quince",L,1
Social,2,He-man,Male,2021-10-26T00:00:00Z,2,1-5,1,5,L,Chicklet,"Pease, Cash, Sapphire, Hippolyta, Quince",R,0
Social,2,Mote,Male,2021-10-26T00:00:00Z,2,1-5,1,5,L,Chicklet,"Pease, Cash, Sapphire, Hippolyta, Quince",R,0
Social,2,Fozzie,Male,2021-10-26T00:00:00Z,2,1-5,1,5,L,Chicklet,"Pease, Cash, Sapphire, Hippolyta, Quince",R,0
Social,2,Prudence,Male,2021-10-26T00:00:00Z,2,1-5,1,5,L,Chicklet,"Pease, Cash, Sapphire, Hippolyta, Quince",R,0
Social,2,Mulder,Male,2021-10-26T00:00:00Z,2,1-5,1,5,L,Chicklet,"Pease, Cash, Sapphire, Hippolyta, Quince",R,0
Social,2,Dumbledore,Male,2021-10-26T00:00:00Z,2,1-5,1,5,L,Chicklet,"Pease, Cash, Sapphire, Hippolyta, Quince",L,1
Social,2,Uno,Female,2021-10-27T00:00:00Z,3,2-3,2,3,L,"Chicklet, Sapphire","Egeus, Pease, Zappa",R,0
Social,2,Dartagnan,Male,2021-10-27T00:00:00Z,3,2-3,2,3,L,"Chicklet, Sapphire","Egeus, Pease, Zappa",L,1
Social,2,Mote,Male,2021-10-27T00:00:00Z,3,2-3,2,3,L,"Chicklet, Sapphire","Egeus, Pease, Zappa",R,0
Social,2,He-man,Male,2021-10-27T00:00:00Z,3,2-3,2,3,L,"Chicklet, Sapphire","Egeus, Pease, Zappa",R,0
Social,2,Dumbledore,Male,2021-10-27T00:00:00Z,3,2-3,2,3,L,"Chicklet, Sapphire","Egeus, Pease, Zappa",L,1
Social,2,Fern,Male,2021-10-27T00:00:00Z,3,2-3,2,3,L,"Chicklet, Sapphire","Egeus, Pease, Zappa",R,0
Social,2,Fozzie,Male,2021-10-27T00:00:00Z,3,2-3,2,3,L,"Chicklet, Sapphire","Egeus, Pease, Zappa",R,0
Social,2,Mork,Male,2021-10-27T00:00:00Z,3,2-3,2,3,L,"Chicklet, Sapphire","Egeus, Pease, Zappa",L,1
Social,2,Mulder,Male,2021-10-27T00:00:00Z,3,2-3,2,3,L,"Chicklet, Sapphire","Egeus, Pease, Zappa",L,1
Social,2,Prudence,Male,2021-10-27T00:00:00Z,3,2-3,2,3,L,"Chicklet, Sapphire","Egeus, Pease, Zappa",L,1
Social,2,Uno,Female,2021-10-28T00:00:00Z,4,3-4,3,4,R,"Pease, Hippolyta, Sapphire","Quince, Chicklet, Zappa, Cash",L,0
Social,2,He-man,Male,2021-10-28T00:00:00Z,4,3-4,3,4,R,"Pease, Hippolyta, Sapphire","Quince, Chicklet, Zappa, Cash",L,0
Social,2,Fozzie,Male,2021-10-28T00:00:00Z,4,3-4,3,4,R,"Pease, Hippolyta, Sapphire","Quince, Chicklet, Zappa, Cash",L,0
Social,2,Dumbledore,Male,2021-10-28T00:00:00Z,4,3-4,3,4,R,"Pease, Hippolyta, Sapphire","Quince, Chicklet, Zappa, Cash",R,1
Social,2,Dartagnan,Male,2021-10-28T00:00:00Z,4,3-4,3,4,R,"Pease, Hippolyta, Sapphire","Quince, Chicklet, Zappa, Cash",L,0
Social,2,Mulder,Male,2021-10-28T00:00:00Z,4,3-4,3,4,R,"Pease, Hippolyta, Sapphire","Quince, Chicklet, Zappa, Cash",L,0
Social,2,Mork,Male,2021-10-28T00:00:00Z,4,3-4,3,4,R,"Pease, Hippolyta, Sapphire","Quince, Chicklet, Zappa, Cash",L,0
Social,2,Prudence,Male,2021-10-28T00:00:00Z,4,3-4,3,4,R,"Pease, Hippolyta, Sapphire","Quince, Chicklet, Zappa, Cash",L,0
Social,2,Mote,Male,2021-10-28T00:00:00Z,4,3-4,3,4,R,"Pease, Hippolyta, Sapphire","Quince, Chicklet, Zappa, Cash",R,1
Social,2,Fern,Male,2021-10-28T00:00:00Z,4,3-4,3,4,R,"Pease, Hippolyta, Sapphire","Quince, Chicklet, Zappa, Cash",L,0
Social,2,Mork,Male,2021-10-28T00:00:00Z,5,3-5,3,5,L,"Chicklet, Quince, Cash","Hippolyta, Egeus, Pease, Sapphire, Zappa",L,1
Social,2,Fern,Male,2021-10-28T00:00:00Z,5,3-5,3,5,L,"Chicklet, Quince, Cash","Hippolyta, Egeus, Pease, Sapphire, Zappa",L,1
Social,2,Prudence,Male,2021-10-28T00:00:00Z,5,3-5,3,5,L,"Chicklet, Quince, Cash","Hippolyta, Egeus, Pease, Sapphire, Zappa",L,1
Social,2,Mote,Male,2021-10-28T00:00:00Z,5,3-5,3,5,L,"Chicklet, Quince, Cash","Hippolyta, Egeus, Pease, Sapphire, Zappa",R,0
Social,2,He-man,Male,2021-10-28T00:00:00Z,5,3-5,3,5,L,"Chicklet, Quince, Cash","Hippolyta, Egeus, Pease, Sapphire, Zappa",L,1
Social,2,Mulder,Male,2021-10-28T00:00:00Z,5,3-5,3,5,L,"Chicklet, Quince, Cash","Hippolyta, Egeus, Pease, Sapphire, Zappa",L,1
Social,2,Dumbledore,Male,2021-10-28T00:00:00Z,5,3-5,3,5,L,"Chicklet, Quince, Cash","Hippolyta, Egeus, Pease, Sapphire, Zappa",L,1
Social,2,Dartagnan,Male,2021-10-28T00:00:00Z,5,3-5,3,5,L,"Chicklet, Quince, Cash","Hippolyta, Egeus, Pease, Sapphire, Zappa",R,0
Social,2,Fozzie,Male,2021-10-28T00:00:00Z,5,3-5,3,5,L,"Chicklet, Quince, Cash","Hippolyta, Egeus, Pease, Sapphire, Zappa",R,0
Social,2,Uno,Female,2021-10-28T00:00:00Z,5,3-5,3,5,L,"Chicklet, Quince, Cash","Hippolyta, Egeus, Pease, Sapphire, Zappa",L,1
Social,2,Mote,Male,2021-10-29T00:00:00Z,6,1-4,1,4,R,Sapphire,"Cash, Egeus, Hippolyta, Chicklet",R,1
Social,2,Mork,Male,2021-10-29T00:00:00Z,6,1-4,1,4,R,Sapphire,"Cash, Egeus, Hippolyta, Chicklet",L,0
Social,2,Uno,Female,2021-10-29T00:00:00Z,6,1-4,1,4,R,Sapphire,"Cash, Egeus, Hippolyta, Chicklet",L,0
Social,2,Prudence,Male,2021-10-29T00:00:00Z,6,1-4,1,4,R,Sapphire,"Cash, Egeus, Hippolyta, Chicklet",R,1
Social,2,Fozzie,Male,2021-10-29T00:00:00Z,6,1-4,1,4,R,Sapphire,"Cash, Egeus, Hippolyta, Chicklet",L,0
Social,2,Dumbledore,Male,2021-10-29T00:00:00Z,6,1-4,1,4,R,Sapphire,"Cash, Egeus, Hippolyta, Chicklet",L,0
Social,2,Dartagnan,Male,2021-10-29T00:00:00Z,6,1-4,1,4,R,Sapphire,"Cash, Egeus, Hippolyta, Chicklet",R,1
Social,2,He-man,Male,2021-10-29T00:00:00Z,6,1-4,1,4,R,Sapphire,"Cash, Egeus, Hippolyta, Chicklet",R,1
Social,2,Fern,Male,2021-10-29T00:00:00Z,6,1-4,1,4,R,Sapphire,"Cash, Egeus, Hippolyta, Chicklet",R,1
Social,2,Mulder,Male,2021-10-29T00:00:00Z,6,1-4,1,4,R,Sapphire,"Cash, Egeus, Hippolyta, Chicklet",L,0
Social,2,Mork,Male,2021-10-31T00:00:00Z,7,1-6,1,6,L,Hippolyta,"Zappa, Pease, Quince, Cash, Egeus, Chicklet",L,1
Social,2,He-man,Male,2021-10-31T00:00:00Z,7,1-6,1,6,L,Hippolyta,"Zappa, Pease, Quince, Cash, Egeus, Chicklet",R,0
Social,2,Dartagnan,Male,2021-10-31T00:00:00Z,7,1-6,1,6,L,Hippolyta,"Zappa, Pease, Quince, Cash, Egeus, Chicklet",R,0
Social,2,Dumbledore,Male,2021-10-31T00:00:00Z,7,1-6,1,6,L,Hippolyta,"Zappa, Pease, Quince, Cash, Egeus, Chicklet",R,0
Social,2,Mulder,Male,2021-10-31T00:00:00Z,7,1-6,1,6,L,Hippolyta,"Zappa, Pease, Quince, Cash, Egeus, Chicklet",L,1
Social,2,Mote,Male,2021-10-31T00:00:00Z,7,1-6,1,6,L,Hippolyta,"Zappa, Pease, Quince, Cash, Egeus, Chicklet",L,1
Social,2,Uno,Female,2021-10-31T00:00:00Z,7,1-6,1,6,L,Hippolyta,"Zappa, Pease, Quince, Cash, Egeus, Chicklet",L,1
Social,2,Fozzie,Male,2021-10-31T00:00:00Z,7,1-6,1,6,L,Hippolyta,"Zappa, Pease, Quince, Cash, Egeus, Chicklet",L,1
Social,2,Prudence,Male,2021-10-31T00:00:00Z,7,1-6,1,6,L,Hippolyta,"Zappa, Pease, Quince, Cash, Egeus, Chicklet",L,1
Social,2,Fern,Male,2021-10-31T00:00:00Z,7,1-6,1,6,L,Hippolyta,"Zappa, Pease, Quince, Cash, Egeus, Chicklet",L,1
Social,2,Mork,Male,2021-11-01T00:00:00Z,8,2-4,2,4,R,"Sapphire, Hippolyta","Quince, Egeus, Pease, Cash",R,1
Social,2,Mulder,Male,2021-11-01T00:00:00Z,8,2-4,2,4,R,"Sapphire, Hippolyta","Quince, Egeus, Pease, Cash",L,0
Social,2,Fozzie,Male,2021-11-01T00:00:00Z,8,2-4,2,4,R,"Sapphire, Hippolyta","Quince, Egeus, Pease, Cash",L,0
Social,2,Dartagnan,Male,2021-11-01T00:00:00Z,8,2-4,2,4,R,"Sapphire, Hippolyta","Quince, Egeus, Pease, Cash",R,1
Social,2,Dumbledore,Male,2021-11-01T00:00:00Z,8,2-4,2,4,R,"Sapphire, Hippolyta","Quince, Egeus, Pease, Cash",L,0
Social,2,Prudence,Male,2021-11-01T00:00:00Z,8,2-4,2,4,R,"Sapphire, Hippolyta","Quince, Egeus, Pease, Cash",L,0
Social,2,Fern,Male,2021-11-01T00:00:00Z,8,2-4,2,4,R,"Sapphire, Hippolyta","Quince, Egeus, Pease, Cash",R,1
Social,2,Mote,Male,2021-11-01T00:00:00Z,8,2-4,2,4,R,"Sapphire, Hippolyta","Quince, Egeus, Pease, Cash",R,1
Social,2,He-man,Male,2021-11-01T00:00:00Z,8,2-4,2,4,R,"Sapphire, Hippolyta","Quince, Egeus, Pease, Cash",R,1
Social,2,Uno,Female,2021-11-01T00:00:00Z,8,2-4,2,4,R,"Sapphire, Hippolyta","Quince, Egeus, Pease, Cash",L,0
Social,2,Mork,Male,2021-11-01T00:00:00Z,9,2-5,2,5,L,"Quince, Pease","Sapphire, Egeus, Zappa, Cash, Hippolyta",R,0
Social,2,Mote,Male,2021-11-01T00:00:00Z,9,2-5,2,5,L,"Quince, Pease","Sapphire, Egeus, Zappa, Cash, Hippolyta",L,1
Social,2,Uno,Female,2021-11-01T00:00:00Z,9,2-5,2,5,L,"Quince, Pease","Sapphire, Egeus, Zappa, Cash, Hippolyta",R,0
Social,2,Dumbledore,Male,2021-11-01T00:00:00Z,9,2-5,2,5,L,"Quince, Pease","Sapphire, Egeus, Zappa, Cash, Hippolyta",R,0
Social,2,Mulder,Male,2021-11-01T00:00:00Z,9,2-5,2,5,L,"Quince, Pease","Sapphire, Egeus, Zappa, Cash, Hippolyta",L,1
Social,2,Dartagnan,Male,2021-11-01T00:00:00Z,9,2-5,2,5,L,"Quince, Pease","Sapphire, Egeus, Zappa, Cash, Hippolyta",L,1
Social,2,Fern,Male,2021-11-01T00:00:00Z,9,2-5,2,5,L,"Quince, Pease","Sapphire, Egeus, Zappa, Cash, Hippolyta",R,0
Social,2,He-man,Male,2021-11-01T00:00:00Z,9,2-5,2,5,L,"Quince, Pease","Sapphire, Egeus, Zappa, Cash, Hippolyta",R,0
Social,2,Prudence,Male,2021-11-01T00:00:00Z,9,2-5,2,5,L,"Quince, Pease","Sapphire, Egeus, Zappa, Cash, Hippolyta",L,1
Social,2,Fozzie,Male,2021-11-01T00:00:00Z,9,2-5,2,5,L,"Quince, Pease","Sapphire, Egeus, Zappa, Cash, Hippolyta",L,1
Social,2,Prudence,Male,2021-11-02T00:00:00Z,10,2-6,2,6,R,"Hippolyta, Cash","Zappa, Sapphire, Egeus, Pease, Chicklet, Quince",R,1
Social,2,Fern,Male,2021-11-02T00:00:00Z,10,2-6,2,6,R,"Hippolyta, Cash","Zappa, Sapphire, Egeus, Pease, Chicklet, Quince",R,1
Social,2,Mulder,Male,2021-11-02T00:00:00Z,10,2-6,2,6,R,"Hippolyta, Cash","Zappa, Sapphire, Egeus, Pease, Chicklet, Quince",L,0
Social,2,Mork,Male,2021-11-02T00:00:00Z,10,2-6,2,6,R,"Hippolyta, Cash","Zappa, Sapphire, Egeus, Pease, Chicklet, Quince",L,0
Social,2,Dumbledore,Male,2021-11-02T00:00:00Z,10,2-6,2,6,R,"Hippolyta, Cash","Zappa, Sapphire, Egeus, Pease, Chicklet, Quince",R,1
Social,2,Uno,Female,2021-11-02T00:00:00Z,10,2-6,2,6,R,"Hippolyta, Cash","Zappa, Sapphire, Egeus, Pease, Chicklet, Quince",R,1
Social,2,Dartagnan,Male,2021-11-02T00:00:00Z,10,2-6,2,6,R,"Hippolyta, Cash","Zappa, Sapphire, Egeus, Pease, Chicklet, Quince",R,1
Social,2,Fozzie,Male,2021-11-02T00:00:00Z,10,2-6,2,6,R,"Hippolyta, Cash","Zappa, Sapphire, Egeus, Pease, Chicklet, Quince",R,1
Social,2,Mote,Male,2021-11-02T00:00:00Z,10,2-6,2,6,R,"Hippolyta, Cash","Zappa, Sapphire, Egeus, Pease, Chicklet, Quince",L,0
Social,2,He-man,Male,2021-11-02T00:00:00Z,10,2-6,2,6,R,"Hippolyta, Cash","Zappa, Sapphire, Egeus, Pease, Chicklet, Quince",R,1
Social,2,Dumbledore,Male,2021-11-02T00:00:00Z,11,0-6,0,6,L,0,"Hippolyta, Cash, Egeus, Zappa, Quince, Sapphire",L,1
Social,2,Uno,Female,2021-11-02T00:00:00Z,11,0-6,0,6,L,0,"Hippolyta, Cash, Egeus, Zappa, Quince, Sapphire",L,1
Social,2,Fozzie,Male,2021-11-02T00:00:00Z,11,0-6,0,6,L,0,"Hippolyta, Cash, Egeus, Zappa, Quince, Sapphire",R,0
Social,2,Mote,Male,2021-11-02T00:00:00Z,11,0-6,0,6,L,0,"Hippolyta, Cash, Egeus, Zappa, Quince, Sapphire",R,0
Social,2,Mork,Male,2021-11-02T00:00:00Z,11,0-6,0,6,L,0,"Hippolyta, Cash, Egeus, Zappa, Quince, Sapphire",R,0
Social,2,Prudence,Male,2021-11-02T00:00:00Z,11,0-6,0,6,L,0,"Hippolyta, Cash, Egeus, Zappa, Quince, Sapphire",L,1
Social,2,Mulder,Male,2021-11-02T00:00:00Z,11,0-6,0,6,L,0,"Hippolyta, Cash, Egeus, Zappa, Quince, Sapphire",R,0
Social,2,He-man,Male,2021-11-02T00:00:00Z,11,0-6,0,6,L,0,"Hippolyta, Cash, Egeus, Zappa, Quince, Sapphire",R,0
Social,2,Fern,Male,2021-11-02T00:00:00Z,11,0-6,0,6,L,0,"Hippolyta, Cash, Egeus, Zappa, Quince, Sapphire",R,0
Social,2,Dartagnan,Male,2021-11-02T00:00:00Z,11,0-6,0,6,L,0,"Hippolyta, Cash, Egeus, Zappa, Quince, Sapphire",L,1
Social,2,Mork,Male,2021-11-04T00:00:00Z,12,1-2,1,2,L,Sapphire,"Egeus, Quince",R,0
Social,2,Fern,Male,2021-11-04T00:00:00Z,12,1-2,1,2,L,Sapphire,"Egeus, Quince",L,1
Social,2,Uno,Female,2021-11-04T00:00:00Z,12,1-2,1,2,L,Sapphire,"Egeus, Quince",R,0
Social,2,Dartagnan,Male,2021-11-04T00:00:00Z,12,1-2,1,2,L,Sapphire,"Egeus, Quince",L,1
Social,2,He-man,Male,2021-11-04T00:00:00Z,12,1-2,1,2,L,Sapphire,"Egeus, Quince",R,0
Social,2,Mote,Male,2021-11-04T00:00:00Z,12,1-2,1,2,L,Sapphire,"Egeus, Quince",L,1
Social,2,Fozzie,Male,2021-11-04T00:00:00Z,12,1-2,1,2,L,Sapphire,"Egeus, Quince",R,0
Social,2,Prudence,Male,2021-11-04T00:00:00Z,12,1-2,1,2,L,Sapphire,"Egeus, Quince",L,1
Social,2,Mulder,Male,2021-11-04T00:00:00Z,12,1-2,1,2,L,Sapphire,"Egeus, Quince",R,0
Social,2,Dumbledore,Male,2021-11-04T00:00:00Z,12,1-2,1,2,L,Sapphire,"Egeus, Quince",L,1
Social,2,Uno,Female,2021-11-05T00:00:00Z,13,1-4,1,4,L,Quince,"Sapphire, Pease, Cash, Egeus",L,1
Social,2,Dartagnan,Male,2021-11-05T00:00:00Z,13,1-4,1,4,L,Quince,"Sapphire, Pease, Cash, Egeus",L,1
Social,2,Mote,Male,2021-11-05T00:00:00Z,13,1-4,1,4,L,Quince,"Sapphire, Pease, Cash, Egeus",R,0
Social,2,He-man,Male,2021-11-05T00:00:00Z,13,1-4,1,4,L,Quince,"Sapphire, Pease, Cash, Egeus",R,0
Social,2,Dumbledore,Male,2021-11-05T00:00:00Z,13,1-4,1,4,L,Quince,"Sapphire, Pease, Cash, Egeus",R,0
Social,2,Fern,Male,2021-11-05T00:00:00Z,13,1-4,1,4,L,Quince,"Sapphire, Pease, Cash, Egeus",L,1
Social,2,Fozzie,Male,2021-11-05T00:00:00Z,13,1-4,1,4,L,Quince,"Sapphire, Pease, Cash, Egeus",R,0
Social,2,Mork,Male,2021-11-05T00:00:00Z,13,1-4,1,4,L,Quince,"Sapphire, Pease, Cash, Egeus",L,1
Social,2,Mulder,Male,2021-11-05T00:00:00Z,13,1-4,1,4,L,Quince,"Sapphire, Pease, Cash, Egeus",R,0
Social,2,Prudence,Male,2021-11-05T00:00:00Z,13,1-4,1,4,L,Quince,"Sapphire, Pease, Cash, Egeus",L,1
Social,2,Uno,Female,2021-11-06T00:00:00Z,14,1-2,1,2,R,Zappa,"Chicklet, Sapphire",L,0
Social,2,He-man,Male,2021-11-06T00:00:00Z,14,1-2,1,2,R,Zappa,"Chicklet, Sapphire",R,1
Social,2,Fozzie,Male,2021-11-06T00:00:00Z,14,1-2,1,2,R,Zappa,"Chicklet, Sapphire",R,1
Social,2,Dumbledore,Male,2021-11-06T00:00:00Z,14,1-2,1,2,R,Zappa,"Chicklet, Sapphire",L,0
Social,2,Dartagnan,Male,2021-11-06T00:00:00Z,14,1-2,1,2,R,Zappa,"Chicklet, Sapphire",R,1
Social,2,Mulder,Male,2021-11-06T00:00:00Z,14,1-2,1,2,R,Zappa,"Chicklet, Sapphire",L,0
Social,2,Mork,Male,2021-11-06T00:00:00Z,14,1-2,1,2,R,Zappa,"Chicklet, Sapphire",L,0
Social,2,Prudence,Male,2021-11-06T00:00:00Z,14,1-2,1,2,R,Zappa,"Chicklet, Sapphire",L,0
Social,2,Mote,Male,2021-11-06T00:00:00Z,14,1-2,1,2,R,Zappa,"Chicklet, Sapphire",L,0
Social,2,Fern,Male,2021-11-06T00:00:00Z,14,1-2,1,2,R,Zappa,"Chicklet, Sapphire",R,1
Social,2,Mork,Male,2021-11-06T00:00:00Z,15,3-5,3,5,L,"Zappa, Sapphire, Quince","Pease, Egeus, Chicklet, Hippolyta, Cash",L,1
Social,2,Fern,Male,2021-11-06T00:00:00Z,15,3-5,3,5,L,"Zappa, Sapphire, Quince","Pease, Egeus, Chicklet, Hippolyta, Cash",R,0
Social,2,Prudence,Male,2021-11-06T00:00:00Z,15,3-5,3,5,L,"Zappa, Sapphire, Quince","Pease, Egeus, Chicklet, Hippolyta, Cash",R,0
Social,2,Mote,Male,2021-11-06T00:00:00Z,15,3-5,3,5,L,"Zappa, Sapphire, Quince","Pease, Egeus, Chicklet, Hippolyta, Cash",R,0
Social,2,He-man,Male,2021-11-06T00:00:00Z,15,3-5,3,5,L,"Zappa, Sapphire, Quince","Pease, Egeus, Chicklet, Hippolyta, Cash",R,0
Social,2,Mulder,Male,2021-11-06T00:00:00Z,15,3-5,3,5,L,"Zappa, Sapphire, Quince","Pease, Egeus, Chicklet, Hippolyta, Cash",L,1
Social,2,Dumbledore,Male,2021-11-06T00:00:00Z,15,3-5,3,5,L,"Zappa, Sapphire, Quince","Pease, Egeus, Chicklet, Hippolyta, Cash",R,0
Social,2,Dartagnan,Male,2021-11-06T00:00:00Z,15,3-5,3,5,L,"Zappa, Sapphire, Quince","Pease, Egeus, Chicklet, Hippolyta, Cash",R,0
Social,2,Fozzie,Male,2021-11-06T00:00:00Z,15,3-5,3,5,L,"Zappa, Sapphire, Quince","Pease, Egeus, Chicklet, Hippolyta, Cash",L,1
Social,2,Uno,Female,2021-11-06T00:00:00Z,15,3-5,3,5,L,"Zappa, Sapphire, Quince","Pease, Egeus, Chicklet, Hippolyta, Cash",L,1
Social,2,Mote,Male,2021-11-07T00:00:00Z,16,2-5,2,5,R,"Hippolyta, Chicklet","Cash, Pease, Quince, Sapphire, Egeus",R,1
Social,2,Mork,Male,2021-11-07T00:00:00Z,16,2-5,2,5,R,"Hippolyta, Chicklet","Cash, Pease, Quince, Sapphire, Egeus",L,0
Social,2,Uno,Female,2021-11-07T00:00:00Z,16,2-5,2,5,R,"Hippolyta, Chicklet","Cash, Pease, Quince, Sapphire, Egeus",L,0
Social,2,Prudence,Male,2021-11-07T00:00:00Z,16,2-5,2,5,R,"Hippolyta, Chicklet","Cash, Pease, Quince, Sapphire, Egeus",L,0
Social,2,Fozzie,Male,2021-11-07T00:00:00Z,16,2-5,2,5,R,"Hippolyta, Chicklet","Cash, Pease, Quince, Sapphire, Egeus",R,1
Social,2,Dumbledore,Male,2021-11-07T00:00:00Z,16,2-5,2,5,R,"Hippolyta, Chicklet","Cash, Pease, Quince, Sapphire, Egeus",L,0
Social,2,Dartagnan,Male,2021-11-07T00:00:00Z,16,2-5,2,5,R,"Hippolyta, Chicklet","Cash, Pease, Quince, Sapphire, Egeus",R,1
Social,2,He-man,Male,2021-11-07T00:00:00Z,16,2-5,2,5,R,"Hippolyta, Chicklet","Cash, Pease, Quince, Sapphire, Egeus",R,1
Social,2,Fern,Male,2021-11-07T00:00:00Z,16,2-5,2,5,R,"Hippolyta, Chicklet","Cash, Pease, Quince, Sapphire, Egeus",R,1
Social,2,Mulder,Male,2021-11-07T00:00:00Z,16,2-5,2,5,R,"Hippolyta, Chicklet","Cash, Pease, Quince, Sapphire, Egeus",R,1
Social,2,Mork,Male,2021-11-08T00:00:00Z,17,1-5,1,5,L,Egeus,"Sapphire, Pease, Hippolyta, Cash, Quince",R,0
Social,2,He-man,Male,2021-11-08T00:00:00Z,17,1-5,1,5,L,Egeus,"Sapphire, Pease, Hippolyta, Cash, Quince",R,0
Social,2,Dartagnan,Male,2021-11-08T00:00:00Z,17,1-5,1,5,L,Egeus,"Sapphire, Pease, Hippolyta, Cash, Quince",R,0
Social,2,Dumbledore,Male,2021-11-08T00:00:00Z,17,1-5,1,5,L,Egeus,"Sapphire, Pease, Hippolyta, Cash, Quince",L,1
Social,2,Mulder,Male,2021-11-08T00:00:00Z,17,1-5,1,5,L,Egeus,"Sapphire, Pease, Hippolyta, Cash, Quince",L,1
Social,2,Mote,Male,2021-11-08T00:00:00Z,17,1-5,1,5,L,Egeus,"Sapphire, Pease, Hippolyta, Cash, Quince",R,0
Social,2,Uno,Female,2021-11-08T00:00:00Z,17,1-5,1,5,L,Egeus,"Sapphire, Pease, Hippolyta, Cash, Quince",L,1
Social,2,Fozzie,Male,2021-11-08T00:00:00Z,17,1-5,1,5,L,Egeus,"Sapphire, Pease, Hippolyta, Cash, Quince",L,1
Social,2,Prudence,Male,2021-11-08T00:00:00Z,17,1-5,1,5,L,Egeus,"Sapphire, Pease, Hippolyta, Cash, Quince",R,0
Social,2,Fern,Male,2021-11-08T00:00:00Z,17,1-5,1,5,L,Egeus,"Sapphire, Pease, Hippolyta, Cash, Quince",R,0
Social,2,Mork,Male,2021-11-08T00:00:00Z,18,0-6,0,6,R,0,"Hippolyta, Egeus, Zappa, Quince, Cash, Sapphire",L,0
Social,2,Mulder,Male,2021-11-08T00:00:00Z,18,0-6,0,6,R,0,"Hippolyta, Egeus, Zappa, Quince, Cash, Sapphire",L,0
Social,2,Fozzie,Male,2021-11-08T00:00:00Z,18,0-6,0,6,R,0,"Hippolyta, Egeus, Zappa, Quince, Cash, Sapphire",R,1
Social,2,Dartagnan,Male,2021-11-08T00:00:00Z,18,0-6,0,6,R,0,"Hippolyta, Egeus, Zappa, Quince, Cash, Sapphire",L,0
Social,2,Dumbledore,Male,2021-11-08T00:00:00Z,18,0-6,0,6,R,0,"Hippolyta, Egeus, Zappa, Quince, Cash, Sapphire",R,1
Social,2,Prudence,Male,2021-11-08T00:00:00Z,18,0-6,0,6,R,0,"Hippolyta, Egeus, Zappa, Quince, Cash, Sapphire",L,0
Social,2,Fern,Male,2021-11-08T00:00:00Z,18,0-6,0,6,R,0,"Hippolyta, Egeus, Zappa, Quince, Cash, Sapphire",R,1
Social,2,Mote,Male,2021-11-08T00:00:00Z,18,0-6,0,6,R,0,"Hippolyta, Egeus, Zappa, Quince, Cash, Sapphire",R,1
Social,2,He-man,Male,2021-11-08T00:00:00Z,18,0-6,0,6,R,0,"Hippolyta, Egeus, Zappa, Quince, Cash, Sapphire",R,1
Social,2,Uno,Female,2021-11-08T00:00:00Z,18,0-6,0,6,R,0,"Hippolyta, Egeus, Zappa, Quince, Cash, Sapphire",R,1
Social,2,Mork,Male,2021-11-08T00:00:00Z,19,1-6,1,6,R,Cash,"Chicklet, Egeus, Quince, Pease, Hippolyta, Zappa",R,1
Social,2,Mote,Male,2021-11-08T00:00:00Z,19,1-6,1,6,R,Cash,"Chicklet, Egeus, Quince, Pease, Hippolyta, Zappa",R,1
Social,2,Uno,Female,2021-11-08T00:00:00Z,19,1-6,1,6,R,Cash,"Chicklet, Egeus, Quince, Pease, Hippolyta, Zappa",L,0
Social,2,Dumbledore,Male,2021-11-08T00:00:00Z,19,1-6,1,6,R,Cash,"Chicklet, Egeus, Quince, Pease, Hippolyta, Zappa",R,1
Social,2,Mulder,Male,2021-11-08T00:00:00Z,19,1-6,1,6,R,Cash,"Chicklet, Egeus, Quince, Pease, Hippolyta, Zappa",L,0
Social,2,Dartagnan,Male,2021-11-08T00:00:00Z,19,1-6,1,6,R,Cash,"Chicklet, Egeus, Quince, Pease, Hippolyta, Zappa",L,0
Social,2,Fern,Male,2021-11-08T00:00:00Z,19,1-6,1,6,R,Cash,"Chicklet, Egeus, Quince, Pease, Hippolyta, Zappa",R,1
Social,2,He-man,Male,2021-11-08T00:00:00Z,19,1-6,1,6,R,Cash,"Chicklet, Egeus, Quince, Pease, Hippolyta, Zappa",R,1
Social,2,Prudence,Male,2021-11-08T00:00:00Z,19,1-6,1,6,R,Cash,"Chicklet, Egeus, Quince, Pease, Hippolyta, Zappa",R,1
Social,2,Fozzie,Male,2021-11-08T00:00:00Z,19,1-6,1,6,R,Cash,"Chicklet, Egeus, Quince, Pease, Hippolyta, Zappa",R,1
Social,2,Prudence,Male,2021-11-09T00:00:00Z,20,2-6,2,6,R,"Hippolyta, Quince","Zappa, Sapphire, Pease, Chicklet, Cash, Egeus",L,0
Social,2,Fern,Male,2021-11-09T00:00:00Z,20,2-6,2,6,R,"Hippolyta, Quince","Zappa, Sapphire, Pease, Chicklet, Cash, Egeus",R,1
Social,2,Mulder,Male,2021-11-09T00:00:00Z,20,2-6,2,6,R,"Hippolyta, Quince","Zappa, Sapphire, Pease, Chicklet, Cash, Egeus",L,0
Social,2,Mork,Male,2021-11-09T00:00:00Z,20,2-6,2,6,R,"Hippolyta, Quince","Zappa, Sapphire, Pease, Chicklet, Cash, Egeus",L,0
Social,2,Dumbledore,Male,2021-11-09T00:00:00Z,20,2-6,2,6,R,"Hippolyta, Quince","Zappa, Sapphire, Pease, Chicklet, Cash, Egeus",L,0
Social,2,Uno,Female,2021-11-09T00:00:00Z,20,2-6,2,6,R,"Hippolyta, Quince","Zappa, Sapphire, Pease, Chicklet, Cash, Egeus",R,1
Social,2,Dartagnan,Male,2021-11-09T00:00:00Z,20,2-6,2,6,R,"Hippolyta, Quince","Zappa, Sapphire, Pease, Chicklet, Cash, Egeus",L,0
Social,2,Fozzie,Male,2021-11-09T00:00:00Z,20,2-6,2,6,R,"Hippolyta, Quince","Zappa, Sapphire, Pease, Chicklet, Cash, Egeus",L,0
Social,2,Mote,Male,2021-11-09T00:00:00Z,20,2-6,2,6,R,"Hippolyta, Quince","Zappa, Sapphire, Pease, Chicklet, Cash, Egeus",L,0
Social,2,He-man,Male,2021-11-09T00:00:00Z,20,2-6,2,6,R,"Hippolyta, Quince","Zappa, Sapphire, Pease, Chicklet, Cash, Egeus",R,1
Social,2,Dumbledore,Male,2021-11-09T00:00:00Z,21,1-3,1,3,L,Chicklet,"Sapphire, Pease, Quince",R,0
Social,2,Uno,Female,2021-11-09T00:00:00Z,21,1-3,1,3,L,Chicklet,"Sapphire, Pease, Quince",L,1
Social,2,Fozzie,Male,2021-11-09T00:00:00Z,21,1-3,1,3,L,Chicklet,"Sapphire, Pease, Quince",L,1
Social,2,Mote,Male,2021-11-09T00:00:00Z,21,1-3,1,3,L,Chicklet,"Sapphire, Pease, Quince",R,0
Social,2,Mork,Male,2021-11-09T00:00:00Z,21,1-3,1,3,L,Chicklet,"Sapphire, Pease, Quince",R,0
Social,2,Prudence,Male,2021-11-09T00:00:00Z,21,1-3,1,3,L,Chicklet,"Sapphire, Pease, Quince",L,1
Social,2,Mulder,Male,2021-11-09T00:00:00Z,21,1-3,1,3,L,Chicklet,"Sapphire, Pease, Quince",R,0
Social,2,He-man,Male,2021-11-09T00:00:00Z,21,1-3,1,3,L,Chicklet,"Sapphire, Pease, Quince",R,0
Social,2,Fern,Male,2021-11-09T00:00:00Z,21,1-3,1,3,L,Chicklet,"Sapphire, Pease, Quince",L,1
Social,2,Dartagnan,Male,2021-11-09T00:00:00Z,21,1-3,1,3,L,Chicklet,"Sapphire, Pease, Quince",R,0
Social,2,Mork,Male,2021-11-11T00:00:00Z,22,2-4,2,4,L,"Zappa, Quince","Cash, Sapphire, Hippolyta, Chicklet",R,0
Social,2,Fern,Male,2021-11-11T00:00:00Z,22,2-4,2,4,L,"Zappa, Quince","Cash, Sapphire, Hippolyta, Chicklet",L,1
Social,2,Uno,Female,2021-11-11T00:00:00Z,22,2-4,2,4,L,"Zappa, Quince","Cash, Sapphire, Hippolyta, Chicklet",L,1
Social,2,Dartagnan,Male,2021-11-11T00:00:00Z,22,2-4,2,4,L,"Zappa, Quince","Cash, Sapphire, Hippolyta, Chicklet",L,1
Social,2,He-man,Male,2021-11-11T00:00:00Z,22,2-4,2,4,L,"Zappa, Quince","Cash, Sapphire, Hippolyta, Chicklet",L,1
Social,2,Mote,Male,2021-11-11T00:00:00Z,22,2-4,2,4,L,"Zappa, Quince","Cash, Sapphire, Hippolyta, Chicklet",R,0
Social,2,Fozzie,Male,2021-11-11T00:00:00Z,22,2-4,2,4,L,"Zappa, Quince","Cash, Sapphire, Hippolyta, Chicklet",R,0
Social,2,Prudence,Male,2021-11-11T00:00:00Z,22,2-4,2,4,L,"Zappa, Quince","Cash, Sapphire, Hippolyta, Chicklet",L,1
Social,2,Mulder,Male,2021-11-11T00:00:00Z,22,2-4,2,4,L,"Zappa, Quince","Cash, Sapphire, Hippolyta, Chicklet",L,1
Social,2,Dumbledore,Male,2021-11-11T00:00:00Z,22,2-4,2,4,L,"Zappa, Quince","Cash, Sapphire, Hippolyta, Chicklet",R,0
Social,2,Uno,Female,2021-11-12T00:00:00Z,23,3-4,3,4,L,"Egeus, Chicklet, Cash","Sapphire, Quince, Hippolyta, Pease",L,1
Social,2,Dartagnan,Male,2021-11-12T00:00:00Z,23,3-4,3,4,L,"Egeus, Chicklet, Cash","Sapphire, Quince, Hippolyta, Pease",L,1
Social,2,Mote,Male,2021-11-12T00:00:00Z,23,3-4,3,4,L,"Egeus, Chicklet, Cash","Sapphire, Quince, Hippolyta, Pease",L,1
Social,2,He-man,Male,2021-11-12T00:00:00Z,23,3-4,3,4,L,"Egeus, Chicklet, Cash","Sapphire, Quince, Hippolyta, Pease",R,0
Social,2,Dumbledore,Male,2021-11-12T00:00:00Z,23,3-4,3,4,L,"Egeus, Chicklet, Cash","Sapphire, Quince, Hippolyta, Pease",L,1
Social,2,Fern,Male,2021-11-12T00:00:00Z,23,3-4,3,4,L,"Egeus, Chicklet, Cash","Sapphire, Quince, Hippolyta, Pease",L,1
Social,2,Fozzie,Male,2021-11-12T00:00:00Z,23,3-4,3,4,L,"Egeus, Chicklet, Cash","Sapphire, Quince, Hippolyta, Pease",R,0
Social,2,Mork,Male,2021-11-12T00:00:00Z,23,3-4,3,4,L,"Egeus, Chicklet, Cash","Sapphire, Quince, Hippolyta, Pease",R,0
Social,2,Mulder,Male,2021-11-12T00:00:00Z,23,3-4,3,4,L,"Egeus, Chicklet, Cash","Sapphire, Quince, Hippolyta, Pease",L,1
Social,2,Prudence,Male,2021-11-12T00:00:00Z,23,3-4,3,4,L,"Egeus, Chicklet, Cash","Sapphire, Quince, Hippolyta, Pease",L,1
Social,2,Uno,Female,2021-11-12T00:00:00Z,24,2-3,2,3,R,"Zappa, Quince","Hippolyta, Cash, Pease",R,1
Social,2,He-man,Male,2021-11-12T00:00:00Z,24,2-3,2,3,R,"Zappa, Quince","Hippolyta, Cash, Pease",R,1
Social,2,Fozzie,Male,2021-11-12T00:00:00Z,24,2-3,2,3,R,"Zappa, Quince","Hippolyta, Cash, Pease",L,0
Social,2,Dumbledore,Male,2021-11-12T00:00:00Z,24,2-3,2,3,R,"Zappa, Quince","Hippolyta, Cash, Pease",R,1
Social,2,Dartagnan,Male,2021-11-12T00:00:00Z,24,2-3,2,3,R,"Zappa, Quince","Hippolyta, Cash, Pease",L,0
Social,2,Mulder,Male,2021-11-12T00:00:00Z,24,2-3,2,3,R,"Zappa, Quince","Hippolyta, Cash, Pease",L,0
Social,2,Mork,Male,2021-11-12T00:00:00Z,24,2-3,2,3,R,"Zappa, Quince","Hippolyta, Cash, Pease",R,1
Social,2,Prudence,Male,2021-11-12T00:00:00Z,24,2-3,2,3,R,"Zappa, Quince","Hippolyta, Cash, Pease",L,0
Social,2,Mote,Male,2021-11-12T00:00:00Z,24,2-3,2,3,R,"Zappa, Quince","Hippolyta, Cash, Pease",R,1
Social,2,Fern,Male,2021-11-12T00:00:00Z,24,2-3,2,3,R,"Zappa, Quince","Hippolyta, Cash, Pease",L,0
Social,2,Mork,Male,2021-11-13T00:00:00Z,25,2-3,2,3,L,"Zappa, Hippolyta","Sapphire, Chicklet, Egeus",R,0
Social,2,Fern,Male,2021-11-13T00:00:00Z,25,2-3,2,3,L,"Zappa, Hippolyta","Sapphire, Chicklet, Egeus",L,1
Social,2,Prudence,Male,2021-11-13T00:00:00Z,25,2-3,2,3,L,"Zappa, Hippolyta","Sapphire, Chicklet, Egeus",L,1
Social,2,Mote,Male,2021-11-13T00:00:00Z,25,2-3,2,3,L,"Zappa, Hippolyta","Sapphire, Chicklet, Egeus",L,1
Social,2,He-man,Male,2021-11-13T00:00:00Z,25,2-3,2,3,L,"Zappa, Hippolyta","Sapphire, Chicklet, Egeus",R,0
Social,2,Mulder,Male,2021-11-13T00:00:00Z,25,2-3,2,3,L,"Zappa, Hippolyta","Sapphire, Chicklet, Egeus",L,1
Social,2,Dumbledore,Male,2021-11-13T00:00:00Z,25,2-3,2,3,L,"Zappa, Hippolyta","Sapphire, Chicklet, Egeus",L,1
Social,2,Dartagnan,Male,2021-11-13T00:00:00Z,25,2-3,2,3,L,"Zappa, Hippolyta","Sapphire, Chicklet, Egeus",R,0
Social,2,Fozzie,Male,2021-11-13T00:00:00Z,25,2-3,2,3,L,"Zappa, Hippolyta","Sapphire, Chicklet, Egeus",L,1
Social,2,Uno,Female,2021-11-13T00:00:00Z,25,2-3,2,3,L,"Zappa, Hippolyta","Sapphire, Chicklet, Egeus",L,1
Social,2,Mote,Male,2021-11-13T00:00:00Z,26,3-4,3,4,R,"Chicklet, Quince, Zappa","Cash, Egeus, Pease, Sapphire",L,0
Social,2,Mork,Male,2021-11-13T00:00:00Z,26,3-4,3,4,R,"Chicklet, Quince, Zappa","Cash, Egeus, Pease, Sapphire",L,0
Social,2,Uno,Female,2021-11-13T00:00:00Z,26,3-4,3,4,R,"Chicklet, Quince, Zappa","Cash, Egeus, Pease, Sapphire",L,0
Social,2,Prudence,Male,2021-11-13T00:00:00Z,26,3-4,3,4,R,"Chicklet, Quince, Zappa","Cash, Egeus, Pease, Sapphire",L,0
Social,2,Fozzie,Male,2021-11-13T00:00:00Z,26,3-4,3,4,R,"Chicklet, Quince, Zappa","Cash, Egeus, Pease, Sapphire",R,1
Social,2,Dumbledore,Male,2021-11-13T00:00:00Z,26,3-4,3,4,R,"Chicklet, Quince, Zappa","Cash, Egeus, Pease, Sapphire",R,1
Social,2,Dartagnan,Male,2021-11-13T00:00:00Z,26,3-4,3,4,R,"Chicklet, Quince, Zappa","Cash, Egeus, Pease, Sapphire",L,0
Social,2,He-man,Male,2021-11-13T00:00:00Z,26,3-4,3,4,R,"Chicklet, Quince, Zappa","Cash, Egeus, Pease, Sapphire",L,0
Social,2,Fern,Male,2021-11-13T00:00:00Z,26,3-4,3,4,R,"Chicklet, Quince, Zappa","Cash, Egeus, Pease, Sapphire",L,0
Social,2,Mulder,Male,2021-11-13T00:00:00Z,26,3-4,3,4,R,"Chicklet, Quince, Zappa","Cash, Egeus, Pease, Sapphire",L,0
Social,2,Mork,Male,2021-11-14T00:00:00Z,27,2-5,2,5,R,"Chicklet, Cash","Sapphire, Zappa, Egeus, Hippolyta, Pease",R,1
Social,2,He-man,Male,2021-11-14T00:00:00Z,27,2-5,2,5,R,"Chicklet, Cash","Sapphire, Zappa, Egeus, Hippolyta, Pease",L,0
Social,2,Dartagnan,Male,2021-11-14T00:00:00Z,27,2-5,2,5,R,"Chicklet, Cash","Sapphire, Zappa, Egeus, Hippolyta, Pease",L,0
Social,2,Dumbledore,Male,2021-11-14T00:00:00Z,27,2-5,2,5,R,"Chicklet, Cash","Sapphire, Zappa, Egeus, Hippolyta, Pease",L,0
Social,2,Mulder,Male,2021-11-14T00:00:00Z,27,2-5,2,5,R,"Chicklet, Cash","Sapphire, Zappa, Egeus, Hippolyta, Pease",L,0
Social,2,Mote,Male,2021-11-14T00:00:00Z,27,2-5,2,5,R,"Chicklet, Cash","Sapphire, Zappa, Egeus, Hippolyta, Pease",R,1
Social,2,Uno,Female,2021-11-14T00:00:00Z,27,2-5,2,5,R,"Chicklet, Cash","Sapphire, Zappa, Egeus, Hippolyta, Pease",L,0
Social,2,Fozzie,Male,2021-11-14T00:00:00Z,27,2-5,2,5,R,"Chicklet, Cash","Sapphire, Zappa, Egeus, Hippolyta, Pease",L,0
Social,2,Prudence,Male,2021-11-14T00:00:00Z,27,2-5,2,5,R,"Chicklet, Cash","Sapphire, Zappa, Egeus, Hippolyta, Pease",L,0
Social,2,Fern,Male,2021-11-14T00:00:00Z,27,2-5,2,5,R,"Chicklet, Cash","Sapphire, Zappa, Egeus, Hippolyta, Pease",R,1
Social,2,Mork,Male,2021-11-15T00:00:00Z,28,2-6,2,6,R,"Cash, Hippolyta","Chicklet, Egeus, Quince, Sapphire, Zappa, Pease",L,0
Social,2,Mulder,Male,2021-11-15T00:00:00Z,28,2-6,2,6,R,"Cash, Hippolyta","Chicklet, Egeus, Quince, Sapphire, Zappa, Pease",L,0
Social,2,Fozzie,Male,2021-11-15T00:00:00Z,28,2-6,2,6,R,"Cash, Hippolyta","Chicklet, Egeus, Quince, Sapphire, Zappa, Pease",L,0
Social,2,Dartagnan,Male,2021-11-15T00:00:00Z,28,2-6,2,6,R,"Cash, Hippolyta","Chicklet, Egeus, Quince, Sapphire, Zappa, Pease",L,0
Social,2,Dumbledore,Male,2021-11-15T00:00:00Z,28,2-6,2,6,R,"Cash, Hippolyta","Chicklet, Egeus, Quince, Sapphire, Zappa, Pease",R,1
Social,2,Prudence,Male,2021-11-15T00:00:00Z,28,2-6,2,6,R,"Cash, Hippolyta","Chicklet, Egeus, Quince, Sapphire, Zappa, Pease",L,0
Social,2,Fern,Male,2021-11-15T00:00:00Z,28,2-6,2,6,R,"Cash, Hippolyta","Chicklet, Egeus, Quince, Sapphire, Zappa, Pease",R,1
Social,2,Mote,Male,2021-11-15T00:00:00Z,28,2-6,2,6,R,"Cash, Hippolyta","Chicklet, Egeus, Quince, Sapphire, Zappa, Pease",L,0
Social,2,He-man,Male,2021-11-15T00:00:00Z,28,2-6,2,6,R,"Cash, Hippolyta","Chicklet, Egeus, Quince, Sapphire, Zappa, Pease",L,0
Social,2,Uno,Female,2021-11-15T00:00:00Z,28,2-6,2,6,R,"Cash, Hippolyta","Chicklet, Egeus, Quince, Sapphire, Zappa, Pease",L,0
Social,2,Mork,Male,2021-11-15T00:00:00Z,29,1-5,1,5,L,Hippolyta,"Chicklet, Pease, Sapphire, Zappa, Egeus",R,0
Social,2,Mote,Male,2021-11-15T00:00:00Z,29,1-5,1,5,L,Hippolyta,"Chicklet, Pease, Sapphire, Zappa, Egeus",L,1
Social,2,Uno,Female,2021-11-15T00:00:00Z,29,1-5,1,5,L,Hippolyta,"Chicklet, Pease, Sapphire, Zappa, Egeus",L,1
Social,2,Dumbledore,Male,2021-11-15T00:00:00Z,29,1-5,1,5,L,Hippolyta,"Chicklet, Pease, Sapphire, Zappa, Egeus",R,0
Social,2,Mulder,Male,2021-11-15T00:00:00Z,29,1-5,1,5,L,Hippolyta,"Chicklet, Pease, Sapphire, Zappa, Egeus",L,1
Social,2,Dartagnan,Male,2021-11-15T00:00:00Z,29,1-5,1,5,L,Hippolyta,"Chicklet, Pease, Sapphire, Zappa, Egeus",L,1
Social,2,Fern,Male,2021-11-15T00:00:00Z,29,1-5,1,5,L,Hippolyta,"Chicklet, Pease, Sapphire, Zappa, Egeus",R,0
Social,2,He-man,Male,2021-11-15T00:00:00Z,29,1-5,1,5,L,Hippolyta,"Chicklet, Pease, Sapphire, Zappa, Egeus",R,0
Social,2,Prudence,Male,2021-11-15T00:00:00Z,29,1-5,1,5,L,Hippolyta,"Chicklet, Pease, Sapphire, Zappa, Egeus",R,0
Social,2,Fozzie,Male,2021-11-15T00:00:00Z,29,1-5,1,5,L,Hippolyta,"Chicklet, Pease, Sapphire, Zappa, Egeus",R,0
Social,2,Prudence,Male,2021-11-16T00:00:00Z,30,0-6,0,6,R,0,"Zappa, Sapphire, Cash, Egeus, Pease, Chicklet",L,0
Social,2,Fern,Male,2021-11-16T00:00:00Z,30,0-6,0,6,R,0,"Zappa, Sapphire, Cash, Egeus, Pease, Chicklet",L,0
Social,2,Mulder,Male,2021-11-16T00:00:00Z,30,0-6,0,6,R,0,"Zappa, Sapphire, Cash, Egeus, Pease, Chicklet",L,0
Social,2,Mork,Male,2021-11-16T00:00:00Z,30,0-6,0,6,R,0,"Zappa, Sapphire, Cash, Egeus, Pease, Chicklet",R,1
Social,2,Dumbledore,Male,2021-11-16T00:00:00Z,30,0-6,0,6,R,0,"Zappa, Sapphire, Cash, Egeus, Pease, Chicklet",L,0
Social,2,Uno,Female,2021-11-16T00:00:00Z,30,0-6,0,6,R,0,"Zappa, Sapphire, Cash, Egeus, Pease, Chicklet",R,1
Social,2,Dartagnan,Male,2021-11-16T00:00:00Z,30,0-6,0,6,R,0,"Zappa, Sapphire, Cash, Egeus, Pease, Chicklet",L,0
Social,2,Fozzie,Male,2021-11-16T00:00:00Z,30,0-6,0,6,R,0,"Zappa, Sapphire, Cash, Egeus, Pease, Chicklet",L,0
Social,2,Mote,Male,2021-11-16T00:00:00Z,30,0-6,0,6,R,0,"Zappa, Sapphire, Cash, Egeus, Pease, Chicklet",L,0
Social,2,He-man,Male,2021-11-16T00:00:00Z,30,0-6,0,6,R,0,"Zappa, Sapphire, Cash, Egeus, Pease, Chicklet",L,0
Social,2,Dumbledore,Male,2021-11-16T00:00:00Z,31,1-2,1,2,R,Egeus,"Cash, Chicklet",L,0
Social,2,Uno,Female,2021-11-16T00:00:00Z,31,1-2,1,2,R,Egeus,"Cash, Chicklet",L,0
Social,2,Fozzie,Male,2021-11-16T00:00:00Z,31,1-2,1,2,R,Egeus,"Cash, Chicklet",R,1
Social,2,Mote,Male,2021-11-16T00:00:00Z,31,1-2,1,2,R,Egeus,"Cash, Chicklet",R,1
Social,2,Mork,Male,2021-11-16T00:00:00Z,31,1-2,1,2,R,Egeus,"Cash, Chicklet",R,1
Social,2,Prudence,Male,2021-11-16T00:00:00Z,31,1-2,1,2,R,Egeus,"Cash, Chicklet",L,0
Social,2,Mulder,Male,2021-11-16T00:00:00Z,31,1-2,1,2,R,Egeus,"Cash, Chicklet",L,0
Social,2,He-man,Male,2021-11-16T00:00:00Z,31,1-2,1,2,R,Egeus,"Cash, Chicklet",R,1
Social,2,Fern,Male,2021-11-16T00:00:00Z,31,1-2,1,2,R,Egeus,"Cash, Chicklet",L,0
Social,2,Dartagnan,Male,2021-11-16T00:00:00Z,31,1-2,1,2,R,Egeus,"Cash, Chicklet",L,0
Social,2,Mork,Male,2021-11-18T00:00:00Z,32,3-5,3,5,R,"Cash, Hippolyta, Egeus","Zappa, Sapphire, Quince, Pease, Chicklet",R,1
Social,2,Fern,Male,2021-11-18T00:00:00Z,32,3-5,3,5,R,"Cash, Hippolyta, Egeus","Zappa, Sapphire, Quince, Pease, Chicklet",L,0
Social,2,Uno,Female,2021-11-18T00:00:00Z,32,3-5,3,5,R,"Cash, Hippolyta, Egeus","Zappa, Sapphire, Quince, Pease, Chicklet",R,1
Social,2,Dartagnan,Male,2021-11-18T00:00:00Z,32,3-5,3,5,R,"Cash, Hippolyta, Egeus","Zappa, Sapphire, Quince, Pease, Chicklet",R,1
Social,2,He-man,Male,2021-11-18T00:00:00Z,32,3-5,3,5,R,"Cash, Hippolyta, Egeus","Zappa, Sapphire, Quince, Pease, Chicklet",R,1
Social,2,Mote,Male,2021-11-18T00:00:00Z,32,3-5,3,5,R,"Cash, Hippolyta, Egeus","Zappa, Sapphire, Quince, Pease, Chicklet",L,0
Social,2,Fozzie,Male,2021-11-18T00:00:00Z,32,3-5,3,5,R,"Cash, Hippolyta, Egeus","Zappa, Sapphire, Quince, Pease, Chicklet",R,1
Social,2,Prudence,Male,2021-11-18T00:00:00Z,32,3-5,3,5,R,"Cash, Hippolyta, Egeus","Zappa, Sapphire, Quince, Pease, Chicklet",L,0
Social,2,Mulder,Male,2021-11-18T00:00:00Z,32,3-5,3,5,R,"Cash, Hippolyta, Egeus","Zappa, Sapphire, Quince, Pease, Chicklet",L,0
Social,2,Dumbledore,Male,2021-11-18T00:00:00Z,32,3-5,3,5,R,"Cash, Hippolyta, Egeus","Zappa, Sapphire, Quince, Pease, Chicklet",R,1
Social,2,Uno,Female,2021-11-19T00:00:00Z,33,1-3,1,3,L,Quince,"Zappa, Chicklet, Sapphire",R,0
Social,2,Dartagnan,Male,2021-11-19T00:00:00Z,33,1-3,1,3,L,Quince,"Zappa, Chicklet, Sapphire",R,0
Social,2,Mote,Male,2021-11-19T00:00:00Z,33,1-3,1,3,L,Quince,"Zappa, Chicklet, Sapphire",R,0
Social,2,He-man,Male,2021-11-19T00:00:00Z,33,1-3,1,3,L,Quince,"Zappa, Chicklet, Sapphire",L,1
Social,2,Dumbledore,Male,2021-11-19T00:00:00Z,33,1-3,1,3,L,Quince,"Zappa, Chicklet, Sapphire",L,1
Social,2,Fern,Male,2021-11-19T00:00:00Z,33,1-3,1,3,L,Quince,"Zappa, Chicklet, Sapphire",R,0
Social,2,Fozzie,Male,2021-11-19T00:00:00Z,33,1-3,1,3,L,Quince,"Zappa, Chicklet, Sapphire",L,1
Social,2,Mork,Male,2021-11-19T00:00:00Z,33,1-3,1,3,L,Quince,"Zappa, Chicklet, Sapphire",L,1
Social,2,Mulder,Male,2021-11-19T00:00:00Z,33,1-3,1,3,L,Quince,"Zappa, Chicklet, Sapphire",L,1
Social,2,Prudence,Male,2021-11-19T00:00:00Z,33,1-3,1,3,L,Quince,"Zappa, Chicklet, Sapphire",L,1
Social,2,Uno,Female,2021-11-20T00:00:00Z,34,1-6,1,6,R,Zappa,"Quince, Cash, Pease, Hippolyta, Sapphire, Egeus",L,0
Social,2,He-man,Male,2021-11-20T00:00:00Z,34,1-6,1,6,R,Zappa,"Quince, Cash, Pease, Hippolyta, Sapphire, Egeus",R,1
Social,2,Fozzie,Male,2021-11-20T00:00:00Z,34,1-6,1,6,R,Zappa,"Quince, Cash, Pease, Hippolyta, Sapphire, Egeus",R,1
Social,2,Dumbledore,Male,2021-11-20T00:00:00Z,34,1-6,1,6,R,Zappa,"Quince, Cash, Pease, Hippolyta, Sapphire, Egeus",R,1
Social,2,Dartagnan,Male,2021-11-20T00:00:00Z,34,1-6,1,6,R,Zappa,"Quince, Cash, Pease, Hippolyta, Sapphire, Egeus",L,0
Social,2,Mulder,Male,2021-11-20T00:00:00Z,34,1-6,1,6,R,Zappa,"Quince, Cash, Pease, Hippolyta, Sapphire, Egeus",L,0
Social,2,Mork,Male,2021-11-20T00:00:00Z,34,1-6,1,6,R,Zappa,"Quince, Cash, Pease, Hippolyta, Sapphire, Egeus",L,0
Social,2,Prudence,Male,2021-11-20T00:00:00Z,34,1-6,1,6,R,Zappa,"Quince, Cash, Pease, Hippolyta, Sapphire, Egeus",R,1
Social,2,Mote,Male,2021-11-20T00:00:00Z,34,1-6,1,6,R,Zappa,"Quince, Cash, Pease, Hippolyta, Sapphire, Egeus",R,1
Social,2,Fern,Male,2021-11-20T00:00:00Z,34,1-6,1,6,R,Zappa,"Quince, Cash, Pease, Hippolyta, Sapphire, Egeus",L,0
Social,2,Mork,Male,2021-11-20T00:00:00Z,35,2-4,2,4,R,"Pease, Zappa","Egeus, Hippolyta, Quince, Chicklet",R,1
Social,2,Fern,Male,2021-11-20T00:00:00Z,35,2-4,2,4,R,"Pease, Zappa","Egeus, Hippolyta, Quince, Chicklet",L,0
Social,2,Prudence,Male,2021-11-20T00:00:00Z,35,2-4,2,4,R,"Pease, Zappa","Egeus, Hippolyta, Quince, Chicklet",L,0
Social,2,Mote,Male,2021-11-20T00:00:00Z,35,2-4,2,4,R,"Pease, Zappa","Egeus, Hippolyta, Quince, Chicklet",R,1
Social,2,He-man,Male,2021-11-20T00:00:00Z,35,2-4,2,4,R,"Pease, Zappa","Egeus, Hippolyta, Quince, Chicklet",L,0
Social,2,Mulder,Male,2021-11-20T00:00:00Z,35,2-4,2,4,R,"Pease, Zappa","Egeus, Hippolyta, Quince, Chicklet",L,0
Social,2,Dumbledore,Male,2021-11-20T00:00:00Z,35,2-4,2,4,R,"Pease, Zappa","Egeus, Hippolyta, Quince, Chicklet",L,0
Social,2,Dartagnan,Male,2021-11-20T00:00:00Z,35,2-4,2,4,R,"Pease, Zappa","Egeus, Hippolyta, Quince, Chicklet",L,0
Social,2,Fozzie,Male,2021-11-20T00:00:00Z,35,2-4,2,4,R,"Pease, Zappa","Egeus, Hippolyta, Quince, Chicklet",R,1
Social,2,Uno,Female,2021-11-20T00:00:00Z,35,2-4,2,4,R,"Pease, Zappa","Egeus, Hippolyta, Quince, Chicklet",L,0
Social,2,Mote,Male,2021-11-22T00:00:00Z,36,1-4,1,4,L,Hippolyta,"Quince, Zappa, Sapphire, Chicklet",L,1
Social,2,Mork,Male,2021-11-22T00:00:00Z,36,1-4,1,4,L,Hippolyta,"Quince, Zappa, Sapphire, Chicklet",L,1
Social,2,Uno,Female,2021-11-22T00:00:00Z,36,1-4,1,4,L,Hippolyta,"Quince, Zappa, Sapphire, Chicklet",L,1
Social,2,Prudence,Male,2021-11-22T00:00:00Z,36,1-4,1,4,L,Hippolyta,"Quince, Zappa, Sapphire, Chicklet",L,1
Social,2,Fozzie,Male,2021-11-22T00:00:00Z,36,1-4,1,4,L,Hippolyta,"Quince, Zappa, Sapphire, Chicklet",R,0
Social,2,Dumbledore,Male,2021-11-22T00:00:00Z,36,1-4,1,4,L,Hippolyta,"Quince, Zappa, Sapphire, Chicklet",R,0
Social,2,Dartagnan,Male,2021-11-22T00:00:00Z,36,1-4,1,4,L,Hippolyta,"Quince, Zappa, Sapphire, Chicklet",R,0
Social,2,He-man,Male,2021-11-22T00:00:00Z,36,1-4,1,4,L,Hippolyta,"Quince, Zappa, Sapphire, Chicklet",L,1
Social,2,Fern,Male,2021-11-22T00:00:00Z,36,1-4,1,4,L,Hippolyta,"Quince, Zappa, Sapphire, Chicklet",R,0
Social,2,Mulder,Male,2021-11-22T00:00:00Z,36,1-4,1,4,L,Hippolyta,"Quince, Zappa, Sapphire, Chicklet",L,1
Social,2,Mork,Male,2021-11-22T00:00:00Z,37,1-2,1,2,L,Egeus,"Chicklet, Quince",R,0
Social,2,He-man,Male,2021-11-22T00:00:00Z,37,1-2,1,2,L,Egeus,"Chicklet, Quince",L,1
Social,2,Dartagnan,Male,2021-11-22T00:00:00Z,37,1-2,1,2,L,Egeus,"Chicklet, Quince",L,1
Social,2,Dumbledore,Male,2021-11-22T00:00:00Z,37,1-2,1,2,L,Egeus,"Chicklet, Quince",L,1
Social,2,Mulder,Male,2021-11-22T00:00:00Z,37,1-2,1,2,L,Egeus,"Chicklet, Quince",L,1
Social,2,Mote,Male,2021-11-22T00:00:00Z,37,1-2,1,2,L,Egeus,"Chicklet, Quince",L,1
Social,2,Uno,Female,2021-11-22T00:00:00Z,37,1-2,1,2,L,Egeus,"Chicklet, Quince",L,1
Social,2,Fozzie,Male,2021-11-22T00:00:00Z,37,1-2,1,2,L,Egeus,"Chicklet, Quince",R,0
Social,2,Prudence,Male,2021-11-22T00:00:00Z,37,1-2,1,2,L,Egeus,"Chicklet, Quince",L,1
Social,2,Fern,Male,2021-11-22T00:00:00Z,37,1-2,1,2,L,Egeus,"Chicklet, Quince",L,1
Social,2,Mork,Male,2021-11-23T00:00:00Z,38,1-5,1,5,R,Zappa,"Egeus, Cash, Hippolyta, Sapphire, Chicklet",R,1
Social,2,Mulder,Male,2021-11-23T00:00:00Z,38,1-5,1,5,R,Zappa,"Egeus, Cash, Hippolyta, Sapphire, Chicklet",L,0
Social,2,Fozzie,Male,2021-11-23T00:00:00Z,38,1-5,1,5,R,Zappa,"Egeus, Cash, Hippolyta, Sapphire, Chicklet",R,1
Social,2,Dartagnan,Male,2021-11-23T00:00:00Z,38,1-5,1,5,R,Zappa,"Egeus, Cash, Hippolyta, Sapphire, Chicklet",L,0
Social,2,Dumbledore,Male,2021-11-23T00:00:00Z,38,1-5,1,5,R,Zappa,"Egeus, Cash, Hippolyta, Sapphire, Chicklet",L,0
Social,2,Prudence,Male,2021-11-23T00:00:00Z,38,1-5,1,5,R,Zappa,"Egeus, Cash, Hippolyta, Sapphire, Chicklet",L,0
Social,2,Fern,Male,2021-11-23T00:00:00Z,38,1-5,1,5,R,Zappa,"Egeus, Cash, Hippolyta, Sapphire, Chicklet",R,1
Social,2,Mote,Male,2021-11-23T00:00:00Z,38,1-5,1,5,R,Zappa,"Egeus, Cash, Hippolyta, Sapphire, Chicklet",R,1
Social,2,He-man,Male,2021-11-23T00:00:00Z,38,1-5,1,5,R,Zappa,"Egeus, Cash, Hippolyta, Sapphire, Chicklet",L,0
Social,2,Uno,Female,2021-11-23T00:00:00Z,38,1-5,1,5,R,Zappa,"Egeus, Cash, Hippolyta, Sapphire, Chicklet",L,0
Social,2,Mork,Male,2021-11-23T00:00:00Z,39,0-6,0,6,L,0,"Chicklet, Sapphire, Zappa, Hippolyta, Quince, Egeus",R,0
Social,2,Mote,Male,2021-11-23T00:00:00Z,39,0-6,0,6,L,0,"Chicklet, Sapphire, Zappa, Hippolyta, Quince, Egeus",L,1
Social,2,Uno,Female,2021-11-23T00:00:00Z,39,0-6,0,6,L,0,"Chicklet, Sapphire, Zappa, Hippolyta, Quince, Egeus",L,1
Social,2,Dumbledore,Male,2021-11-23T00:00:00Z,39,0-6,0,6,L,0,"Chicklet, Sapphire, Zappa, Hippolyta, Quince, Egeus",R,0
Social,2,Mulder,Male,2021-11-23T00:00:00Z,39,0-6,0,6,L,0,"Chicklet, Sapphire, Zappa, Hippolyta, Quince, Egeus",R,0
Social,2,Dartagnan,Male,2021-11-23T00:00:00Z,39,0-6,0,6,L,0,"Chicklet, Sapphire, Zappa, Hippolyta, Quince, Egeus",L,1
Social,2,Fern,Male,2021-11-23T00:00:00Z,39,0-6,0,6,L,0,"Chicklet, Sapphire, Zappa, Hippolyta, Quince, Egeus",L,1
Social,2,He-man,Male,2021-11-23T00:00:00Z,39,0-6,0,6,L,0,"Chicklet, Sapphire, Zappa, Hippolyta, Quince, Egeus",R,0
Social,2,Prudence,Male,2021-11-23T00:00:00Z,39,0-6,0,6,L,0,"Chicklet, Sapphire, Zappa, Hippolyta, Quince, Egeus",R,0
Social,2,Fozzie,Male,2021-11-23T00:00:00Z,39,0-6,0,6,L,0,"Chicklet, Sapphire, Zappa, Hippolyta, Quince, Egeus",L,1
Social,2,Prudence,Male,2021-11-27T00:00:00Z,40,2-6,2,6,R,"Sapphire, Zappa","Quince, Cash, Pease, Egeus, Hippolyta, Chicklet",L,0
Social,2,Fern,Male,2021-11-27T00:00:00Z,40,2-6,2,6,R,"Sapphire, Zappa","Quince, Cash, Pease, Egeus, Hippolyta, Chicklet",L,0
Social,2,Mulder,Male,2021-11-27T00:00:00Z,40,2-6,2,6,R,"Sapphire, Zappa","Quince, Cash, Pease, Egeus, Hippolyta, Chicklet",L,0
Social,2,Mork,Male,2021-11-27T00:00:00Z,40,2-6,2,6,R,"Sapphire, Zappa","Quince, Cash, Pease, Egeus, Hippolyta, Chicklet",L,0
Social,2,Dumbledore,Male,2021-11-27T00:00:00Z,40,2-6,2,6,R,"Sapphire, Zappa","Quince, Cash, Pease, Egeus, Hippolyta, Chicklet",R,1
Social,2,Uno,Female,2021-11-27T00:00:00Z,40,2-6,2,6,R,"Sapphire, Zappa","Quince, Cash, Pease, Egeus, Hippolyta, Chicklet",R,1
Social,2,Dartagnan,Male,2021-11-27T00:00:00Z,40,2-6,2,6,R,"Sapphire, Zappa","Quince, Cash, Pease, Egeus, Hippolyta, Chicklet",R,1
Social,2,Fozzie,Male,2021-11-27T00:00:00Z,40,2-6,2,6,R,"Sapphire, Zappa","Quince, Cash, Pease, Egeus, Hippolyta, Chicklet",R,1
Social,2,Mote,Male,2021-11-27T00:00:00Z,40,2-6,2,6,R,"Sapphire, Zappa","Quince, Cash, Pease, Egeus, Hippolyta, Chicklet",R,1
Social,2,He-man,Male,2021-11-27T00:00:00Z,40,2-6,2,6,R,"Sapphire, Zappa","Quince, Cash, Pease, Egeus, Hippolyta, Chicklet",L,0
Social,2,Dumbledore,Male,2021-11-27T00:00:00Z,41,1-6,1,6,R,Egeus,"Quince, Cash, Hippolyta, Chicklet, Zappa, Pease",L,0
Social,2,Uno,Female,2021-11-27T00:00:00Z,41,1-6,1,6,R,Egeus,"Quince, Cash, Hippolyta, Chicklet, Zappa, Pease",L,0
Social,2,Fozzie,Male,2021-11-27T00:00:00Z,41,1-6,1,6,R,Egeus,"Quince, Cash, Hippolyta, Chicklet, Zappa, Pease",L,0
Social,2,Mote,Male,2021-11-27T00:00:00Z,41,1-6,1,6,R,Egeus,"Quince, Cash, Hippolyta, Chicklet, Zappa, Pease",R,1
Social,2,Mork,Male,2021-11-27T00:00:00Z,41,1-6,1,6,R,Egeus,"Quince, Cash, Hippolyta, Chicklet, Zappa, Pease",R,1
Social,2,Prudence,Male,2021-11-27T00:00:00Z,41,1-6,1,6,R,Egeus,"Quince, Cash, Hippolyta, Chicklet, Zappa, Pease",L,0
Social,2,Mulder,Male,2021-11-27T00:00:00Z,41,1-6,1,6,R,Egeus,"Quince, Cash, Hippolyta, Chicklet, Zappa, Pease",L,0
Social,2,He-man,Male,2021-11-27T00:00:00Z,41,1-6,1,6,R,Egeus,"Quince, Cash, Hippolyta, Chicklet, Zappa, Pease",L,0
Social,2,Fern,Male,2021-11-27T00:00:00Z,41,1-6,1,6,R,Egeus,"Quince, Cash, Hippolyta, Chicklet, Zappa, Pease",L,0
Social,2,Dartagnan,Male,2021-11-27T00:00:00Z,41,1-6,1,6,R,Egeus,"Quince, Cash, Hippolyta, Chicklet, Zappa, Pease",L,0
Social,2,Mork,Male,2021-11-29T00:00:00Z,42,2-5,2,5,R,"Cash, Egeus","Quince, Pease, Chicklet, Sapphire, Hippolyta",L,0
Social,2,Fern,Male,2021-11-29T00:00:00Z,42,2-5,2,5,R,"Cash, Egeus","Quince, Pease, Chicklet, Sapphire, Hippolyta",L,0
Social,2,Uno,Female,2021-11-29T00:00:00Z,42,2-5,2,5,R,"Cash, Egeus","Quince, Pease, Chicklet, Sapphire, Hippolyta",L,0
Social,2,Dartagnan,Male,2021-11-29T00:00:00Z,42,2-5,2,5,R,"Cash, Egeus","Quince, Pease, Chicklet, Sapphire, Hippolyta",L,0
Social,2,He-man,Male,2021-11-29T00:00:00Z,42,2-5,2,5,R,"Cash, Egeus","Quince, Pease, Chicklet, Sapphire, Hippolyta",R,1
Social,2,Mote,Male,2021-11-29T00:00:00Z,42,2-5,2,5,R,"Cash, Egeus","Quince, Pease, Chicklet, Sapphire, Hippolyta",R,1
Social,2,Fozzie,Male,2021-11-29T00:00:00Z,42,2-5,2,5,R,"Cash, Egeus","Quince, Pease, Chicklet, Sapphire, Hippolyta",R,1
Social,2,Prudence,Male,2021-11-29T00:00:00Z,42,2-5,2,5,R,"Cash, Egeus","Quince, Pease, Chicklet, Sapphire, Hippolyta",R,1
Social,2,Mulder,Male,2021-11-29T00:00:00Z,42,2-5,2,5,R,"Cash, Egeus","Quince, Pease, Chicklet, Sapphire, Hippolyta",L,0
Social,2,Dumbledore,Male,2021-11-29T00:00:00Z,42,2-5,2,5,R,"Cash, Egeus","Quince, Pease, Chicklet, Sapphire, Hippolyta",L,0
Social,2,Uno,Female,2021-11-29T00:00:00Z,43,3-5,3,5,L,"Egeus, Pease, Quince","Chicklet, Cash, Hippolyta, Zappa, Sapphire",L,1
Social,2,Dartagnan,Male,2021-11-29T00:00:00Z,43,3-5,3,5,L,"Egeus, Pease, Quince","Chicklet, Cash, Hippolyta, Zappa, Sapphire",L,1
Social,2,Mote,Male,2021-11-29T00:00:00Z,43,3-5,3,5,L,"Egeus, Pease, Quince","Chicklet, Cash, Hippolyta, Zappa, Sapphire",R,0
Social,2,He-man,Male,2021-11-29T00:00:00Z,43,3-5,3,5,L,"Egeus, Pease, Quince","Chicklet, Cash, Hippolyta, Zappa, Sapphire",R,0
Social,2,Dumbledore,Male,2021-11-29T00:00:00Z,43,3-5,3,5,L,"Egeus, Pease, Quince","Chicklet, Cash, Hippolyta, Zappa, Sapphire",L,1
Social,2,Fern,Male,2021-11-29T00:00:00Z,43,3-5,3,5,L,"Egeus, Pease, Quince","Chicklet, Cash, Hippolyta, Zappa, Sapphire",R,0
Social,2,Fozzie,Male,2021-11-29T00:00:00Z,43,3-5,3,5,L,"Egeus, Pease, Quince","Chicklet, Cash, Hippolyta, Zappa, Sapphire",R,0
Social,2,Mork,Male,2021-11-29T00:00:00Z,43,3-5,3,5,L,"Egeus, Pease, Quince","Chicklet, Cash, Hippolyta, Zappa, Sapphire",L,1
Social,2,Mulder,Male,2021-11-29T00:00:00Z,43,3-5,3,5,L,"Egeus, Pease, Quince","Chicklet, Cash, Hippolyta, Zappa, Sapphire",L,1
Social,2,Prudence,Male,2021-11-29T00:00:00Z,43,3-5,3,5,L,"Egeus, Pease, Quince","Chicklet, Cash, Hippolyta, Zappa, Sapphire",R,0
Social,2,Uno,Female,2021-11-30T00:00:00Z,44,1-3,1,3,L,Hippolyta,"Chicklet, Sapphire, Pease",R,0
Social,2,He-man,Male,2021-11-30T00:00:00Z,44,1-3,1,3,L,Hippolyta,"Chicklet, Sapphire, Pease",R,0
Social,2,Fozzie,Male,2021-11-30T00:00:00Z,44,1-3,1,3,L,Hippolyta,"Chicklet, Sapphire, Pease",R,0
Social,2,Dumbledore,Male,2021-11-30T00:00:00Z,44,1-3,1,3,L,Hippolyta,"Chicklet, Sapphire, Pease",R,0
Social,2,Dartagnan,Male,2021-11-30T00:00:00Z,44,1-3,1,3,L,Hippolyta,"Chicklet, Sapphire, Pease",L,1
Social,2,Mulder,Male,2021-11-30T00:00:00Z,44,1-3,1,3,L,Hippolyta,"Chicklet, Sapphire, Pease",L,1
Social,2,Mork,Male,2021-11-30T00:00:00Z,44,1-3,1,3,L,Hippolyta,"Chicklet, Sapphire, Pease",R,0
Social,2,Prudence,Male,2021-11-30T00:00:00Z,44,1-3,1,3,L,Hippolyta,"Chicklet, Sapphire, Pease",L,1
Social,2,Mote,Male,2021-11-30T00:00:00Z,44,1-3,1,3,L,Hippolyta,"Chicklet, Sapphire, Pease",R,0
Social,2,Fern,Male,2021-11-30T00:00:00Z,44,1-3,1,3,L,Hippolyta,"Chicklet, Sapphire, Pease",R,0
Social,2,Mork,Male,2021-11-30T00:00:00Z,45,1-4,1,4,R,Quince,"Egeus, Sapphire, Chicklet, Zappa",R,1
Social,2,Fern,Male,2021-11-30T00:00:00Z,45,1-4,1,4,R,Quince,"Egeus, Sapphire, Chicklet, Zappa",R,1
Social,2,Prudence,Male,2021-11-30T00:00:00Z,45,1-4,1,4,R,Quince,"Egeus, Sapphire, Chicklet, Zappa",L,0
Social,2,Mote,Male,2021-11-30T00:00:00Z,45,1-4,1,4,R,Quince,"Egeus, Sapphire, Chicklet, Zappa",L,0
Social,2,He-man,Male,2021-11-30T00:00:00Z,45,1-4,1,4,R,Quince,"Egeus, Sapphire, Chicklet, Zappa",R,1
Social,2,Mulder,Male,2021-11-30T00:00:00Z,45,1-4,1,4,R,Quince,"Egeus, Sapphire, Chicklet, Zappa",L,0
Social,2,Dumbledore,Male,2021-11-30T00:00:00Z,45,1-4,1,4,R,Quince,"Egeus, Sapphire, Chicklet, Zappa",R,1
Social,2,Dartagnan,Male,2021-11-30T00:00:00Z,45,1-4,1,4,R,Quince,"Egeus, Sapphire, Chicklet, Zappa",L,0
Social,2,Fozzie,Male,2021-11-30T00:00:00Z,45,1-4,1,4,R,Quince,"Egeus, Sapphire, Chicklet, Zappa",R,1
Social,2,Uno,Female,2021-11-30T00:00:00Z,45,1-4,1,4,R,Quince,"Egeus, Sapphire, Chicklet, Zappa",R,1
Social,2,Mote,Male,2021-12-02T00:00:00Z,46,2-3,2,3,L,"Sapphire, Zappa","Chicklet, Hippolyta, Egeus",R,0
Social,2,Mork,Male,2021-12-02T00:00:00Z,46,2-3,2,3,L,"Sapphire, Zappa","Chicklet, Hippolyta, Egeus",R,0
Social,2,Uno,Female,2021-12-02T00:00:00Z,46,2-3,2,3,L,"Sapphire, Zappa","Chicklet, Hippolyta, Egeus",L,1
Social,2,Prudence,Male,2021-12-02T00:00:00Z,46,2-3,2,3,L,"Sapphire, Zappa","Chicklet, Hippolyta, Egeus",R,0
Social,2,Fozzie,Male,2021-12-02T00:00:00Z,46,2-3,2,3,L,"Sapphire, Zappa","Chicklet, Hippolyta, Egeus",L,1
Social,2,Dumbledore,Male,2021-12-02T00:00:00Z,46,2-3,2,3,L,"Sapphire, Zappa","Chicklet, Hippolyta, Egeus",R,0
Social,2,Dartagnan,Male,2021-12-02T00:00:00Z,46,2-3,2,3,L,"Sapphire, Zappa","Chicklet, Hippolyta, Egeus",R,0
Social,2,He-man,Male,2021-12-02T00:00:00Z,46,2-3,2,3,L,"Sapphire, Zappa","Chicklet, Hippolyta, Egeus",L,1
Social,2,Fern,Male,2021-12-02T00:00:00Z,46,2-3,2,3,L,"Sapphire, Zappa","Chicklet, Hippolyta, Egeus",R,0
Social,2,Mulder,Male,2021-12-02T00:00:00Z,46,2-3,2,3,L,"Sapphire, Zappa","Chicklet, Hippolyta, Egeus",L,1
Social,2,Mork,Male,2021-12-03T00:00:00Z,47,2-4,2,4,R,"Quince, Pease","Hippolyta, Chicklet, Sapphire, Egeus",R,1
Social,2,He-man,Male,2021-12-03T00:00:00Z,47,2-4,2,4,R,"Quince, Pease","Hippolyta, Chicklet, Sapphire, Egeus",R,1
Social,2,Dartagnan,Male,2021-12-03T00:00:00Z,47,2-4,2,4,R,"Quince, Pease","Hippolyta, Chicklet, Sapphire, Egeus",NA,NA
Social,2,Dumbledore,Male,2021-12-03T00:00:00Z,47,2-4,2,4,R,"Quince, Pease","Hippolyta, Chicklet, Sapphire, Egeus",L,0
Social,2,Mulder,Male,2021-12-03T00:00:00Z,47,2-4,2,4,R,"Quince, Pease","Hippolyta, Chicklet, Sapphire, Egeus",L,0
Social,2,Mote,Male,2021-12-03T00:00:00Z,47,2-4,2,4,R,"Quince, Pease","Hippolyta, Chicklet, Sapphire, Egeus",R,1
Social,2,Uno,Female,2021-12-03T00:00:00Z,47,2-4,2,4,R,"Quince, Pease","Hippolyta, Chicklet, Sapphire, Egeus",L,0
Social,2,Fozzie,Male,2021-12-03T00:00:00Z,47,2-4,2,4,R,"Quince, Pease","Hippolyta, Chicklet, Sapphire, Egeus",R,1
Social,2,Prudence,Male,2021-12-03T00:00:00Z,47,2-4,2,4,R,"Quince, Pease","Hippolyta, Chicklet, Sapphire, Egeus",R,1
Social,2,Fern,Male,2021-12-03T00:00:00Z,47,2-4,2,4,R,"Quince, Pease","Hippolyta, Chicklet, Sapphire, Egeus",R,1
Social,2,Mork,Male,2021-12-03T00:00:00Z,48,3-4,3,4,R,"Chicklet, Sapphire, Zappa","Pease, Egeus, Cash, Hippolyta",R,1
Social,2,Mulder,Male,2021-12-03T00:00:00Z,48,3-4,3,4,R,"Chicklet, Sapphire, Zappa","Pease, Egeus, Cash, Hippolyta",L,0
Social,2,Fozzie,Male,2021-12-03T00:00:00Z,48,3-4,3,4,R,"Chicklet, Sapphire, Zappa","Pease, Egeus, Cash, Hippolyta",L,0
Social,2,Dartagnan,Male,2021-12-03T00:00:00Z,48,3-4,3,4,R,"Chicklet, Sapphire, Zappa","Pease, Egeus, Cash, Hippolyta",L,0
Social,2,Dumbledore,Male,2021-12-03T00:00:00Z,48,3-4,3,4,R,"Chicklet, Sapphire, Zappa","Pease, Egeus, Cash, Hippolyta",L,0
Social,2,Prudence,Male,2021-12-03T00:00:00Z,48,3-4,3,4,R,"Chicklet, Sapphire, Zappa","Pease, Egeus, Cash, Hippolyta",L,0
Social,2,Fern,Male,2021-12-03T00:00:00Z,48,3-4,3,4,R,"Chicklet, Sapphire, Zappa","Pease, Egeus, Cash, Hippolyta",R,1
Social,2,Mote,Male,2021-12-03T00:00:00Z,48,3-4,3,4,R,"Chicklet, Sapphire, Zappa","Pease, Egeus, Cash, Hippolyta",R,1
Social,2,He-man,Male,2021-12-03T00:00:00Z,48,3-4,3,4,R,"Chicklet, Sapphire, Zappa","Pease, Egeus, Cash, Hippolyta",R,1
Social,2,Uno,Female,2021-12-03T00:00:00Z,48,3-4,3,4,R,"Chicklet, Sapphire, Zappa","Pease, Egeus, Cash, Hippolyta",L,0
Social,2,Mork,Male,2021-12-04T00:00:00Z,49,2-3,2,3,R,"Quince, Sapphire","Pease, Egeus, Chicklet",R,1
Social,2,Mote,Male,2021-12-04T00:00:00Z,49,2-3,2,3,R,"Quince, Sapphire","Pease, Egeus, Chicklet",R,1
Social,2,Uno,Female,2021-12-04T00:00:00Z,49,2-3,2,3,R,"Quince, Sapphire","Pease, Egeus, Chicklet",R,1
Social,2,Dumbledore,Male,2021-12-04T00:00:00Z,49,2-3,2,3,R,"Quince, Sapphire","Pease, Egeus, Chicklet",L,0
Social,2,Mulder,Male,2021-12-04T00:00:00Z,49,2-3,2,3,R,"Quince, Sapphire","Pease, Egeus, Chicklet",L,0
Social,2,Dartagnan,Male,2021-12-04T00:00:00Z,49,2-3,2,3,R,"Quince, Sapphire","Pease, Egeus, Chicklet",R,1
Social,2,Fern,Male,2021-12-04T00:00:00Z,49,2-3,2,3,R,"Quince, Sapphire","Pease, Egeus, Chicklet",R,1
Social,2,He-man,Male,2021-12-04T00:00:00Z,49,2-3,2,3,R,"Quince, Sapphire","Pease, Egeus, Chicklet",R,1
Social,2,Prudence,Male,2021-12-04T00:00:00Z,49,2-3,2,3,R,"Quince, Sapphire","Pease, Egeus, Chicklet",R,1
Social,2,Fozzie,Male,2021-12-04T00:00:00Z,49,2-3,2,3,R,"Quince, Sapphire","Pease, Egeus, Chicklet",L,0
Social,2,Prudence,Male,2021-12-04T00:00:00Z,50,3-4,3,4,L,"Cash, Egeus, Quince","Zappa, Chicklet, Sapphire, Pease",L,1
Social,2,Fern,Male,2021-12-04T00:00:00Z,50,3-4,3,4,L,"Cash, Egeus, Quince","Zappa, Chicklet, Sapphire, Pease",R,0
Social,2,Mulder,Male,2021-12-04T00:00:00Z,50,3-4,3,4,L,"Cash, Egeus, Quince","Zappa, Chicklet, Sapphire, Pease",L,1
Social,2,Mork,Male,2021-12-04T00:00:00Z,50,3-4,3,4,L,"Cash, Egeus, Quince","Zappa, Chicklet, Sapphire, Pease",L,1
Social,2,Dumbledore,Male,2021-12-04T00:00:00Z,50,3-4,3,4,L,"Cash, Egeus, Quince","Zappa, Chicklet, Sapphire, Pease",L,1
Social,2,Uno,Female,2021-12-04T00:00:00Z,50,3-4,3,4,L,"Cash, Egeus, Quince","Zappa, Chicklet, Sapphire, Pease",L,1
Social,2,Dartagnan,Male,2021-12-04T00:00:00Z,50,3-4,3,4,L,"Cash, Egeus, Quince","Zappa, Chicklet, Sapphire, Pease",R,0
Social,2,Fozzie,Male,2021-12-04T00:00:00Z,50,3-4,3,4,L,"Cash, Egeus, Quince","Zappa, Chicklet, Sapphire, Pease",R,0
Social,2,Mote,Male,2021-12-04T00:00:00Z,50,3-4,3,4,L,"Cash, Egeus, Quince","Zappa, Chicklet, Sapphire, Pease",R,0
Social,2,He-man,Male,2021-12-04T00:00:00Z,50,3-4,3,4,L,"Cash, Egeus, Quince","Zappa, Chicklet, Sapphire, Pease",R,0
Social,2,Dumbledore,Male,2021-12-05T00:00:00Z,51,1-3,1,3,L,Egeus,"Pease, Chicklet, Zappa",R,0
Social,2,Uno,Female,2021-12-05T00:00:00Z,51,1-3,1,3,L,Egeus,"Pease, Chicklet, Zappa",L,1
Social,2,Fozzie,Male,2021-12-05T00:00:00Z,51,1-3,1,3,L,Egeus,"Pease, Chicklet, Zappa",L,1
Social,2,Mote,Male,2021-12-05T00:00:00Z,51,1-3,1,3,L,Egeus,"Pease, Chicklet, Zappa",L,1
Social,2,Mork,Male,2021-12-05T00:00:00Z,51,1-3,1,3,L,Egeus,"Pease, Chicklet, Zappa",R,0
Social,2,Prudence,Male,2021-12-05T00:00:00Z,51,1-3,1,3,L,Egeus,"Pease, Chicklet, Zappa",L,1
Social,2,Mulder,Male,2021-12-05T00:00:00Z,51,1-3,1,3,L,Egeus,"Pease, Chicklet, Zappa",L,1
Social,2,He-man,Male,2021-12-05T00:00:00Z,51,1-3,1,3,L,Egeus,"Pease, Chicklet, Zappa",R,0
Social,2,Fern,Male,2021-12-05T00:00:00Z,51,1-3,1,3,L,Egeus,"Pease, Chicklet, Zappa",L,1
Social,2,Dartagnan,Male,2021-12-05T00:00:00Z,51,1-3,1,3,L,Egeus,"Pease, Chicklet, Zappa",L,1
Social,2,Mork,Male,2021-12-06T00:00:00Z,52,1-2,1,2,L,Hippolyta,"Sapphire, Quince",R,0
Social,2,Fern,Male,2021-12-06T00:00:00Z,52,1-2,1,2,L,Hippolyta,"Sapphire, Quince",R,0
Social,2,Uno,Female,2021-12-06T00:00:00Z,52,1-2,1,2,L,Hippolyta,"Sapphire, Quince",L,1
Social,2,Dartagnan,Male,2021-12-06T00:00:00Z,52,1-2,1,2,L,Hippolyta,"Sapphire, Quince",L,1
Social,2,He-man,Male,2021-12-06T00:00:00Z,52,1-2,1,2,L,Hippolyta,"Sapphire, Quince",R,0
Social,2,Mote,Male,2021-12-06T00:00:00Z,52,1-2,1,2,L,Hippolyta,"Sapphire, Quince",L,1
Social,2,Fozzie,Male,2021-12-06T00:00:00Z,52,1-2,1,2,L,Hippolyta,"Sapphire, Quince",L,1
Social,2,Prudence,Male,2021-12-06T00:00:00Z,52,1-2,1,2,L,Hippolyta,"Sapphire, Quince",L,1
Social,2,Mulder,Male,2021-12-06T00:00:00Z,52,1-2,1,2,L,Hippolyta,"Sapphire, Quince",L,1
Social,2,Dumbledore,Male,2021-12-06T00:00:00Z,52,1-2,1,2,L,Hippolyta,"Sapphire, Quince",L,1
Social,2,Uno,Female,2021-12-06T00:00:00Z,53,1-6,1,6,R,Egeus,"Hippolyta, Pease, Quince, Sapphire, Cash, Zappa",L,0
Social,2,Dartagnan,Male,2021-12-06T00:00:00Z,53,1-6,1,6,R,Egeus,"Hippolyta, Pease, Quince, Sapphire, Cash, Zappa",L,0
Social,2,Mote,Male,2021-12-06T00:00:00Z,53,1-6,1,6,R,Egeus,"Hippolyta, Pease, Quince, Sapphire, Cash, Zappa",R,1
Social,2,He-man,Male,2021-12-06T00:00:00Z,53,1-6,1,6,R,Egeus,"Hippolyta, Pease, Quince, Sapphire, Cash, Zappa",L,0
Social,2,Dumbledore,Male,2021-12-06T00:00:00Z,53,1-6,1,6,R,Egeus,"Hippolyta, Pease, Quince, Sapphire, Cash, Zappa",L,0
Social,2,Fern,Male,2021-12-06T00:00:00Z,53,1-6,1,6,R,Egeus,"Hippolyta, Pease, Quince, Sapphire, Cash, Zappa",R,1
Social,2,Fozzie,Male,2021-12-06T00:00:00Z,53,1-6,1,6,R,Egeus,"Hippolyta, Pease, Quince, Sapphire, Cash, Zappa",R,1
Social,2,Mork,Male,2021-12-06T00:00:00Z,53,1-6,1,6,R,Egeus,"Hippolyta, Pease, Quince, Sapphire, Cash, Zappa",R,1
Social,2,Mulder,Male,2021-12-06T00:00:00Z,53,1-6,1,6,R,Egeus,"Hippolyta, Pease, Quince, Sapphire, Cash, Zappa",L,0
Social,2,Prudence,Male,2021-12-06T00:00:00Z,53,1-6,1,6,R,Egeus,"Hippolyta, Pease, Quince, Sapphire, Cash, Zappa",L,0
Social,2,Uno,Female,2021-12-07T00:00:00Z,54,3-5,3,5,R,"Sapphire, Hippolyta, Zappa","Egeus, Cash, Quince, Pease, Chicklet",L,0
Social,2,He-man,Male,2021-12-07T00:00:00Z,54,3-5,3,5,R,"Sapphire, Hippolyta, Zappa","Egeus, Cash, Quince, Pease, Chicklet",R,1
Social,2,Fozzie,Male,2021-12-07T00:00:00Z,54,3-5,3,5,R,"Sapphire, Hippolyta, Zappa","Egeus, Cash, Quince, Pease, Chicklet",R,1
Social,2,Dumbledore,Male,2021-12-07T00:00:00Z,54,3-5,3,5,R,"Sapphire, Hippolyta, Zappa","Egeus, Cash, Quince, Pease, Chicklet",L,0
Social,2,Dartagnan,Male,2021-12-07T00:00:00Z,54,3-5,3,5,R,"Sapphire, Hippolyta, Zappa","Egeus, Cash, Quince, Pease, Chicklet",L,0
Social,2,Mulder,Male,2021-12-07T00:00:00Z,54,3-5,3,5,R,"Sapphire, Hippolyta, Zappa","Egeus, Cash, Quince, Pease, Chicklet",L,0
Social,2,Mork,Male,2021-12-07T00:00:00Z,54,3-5,3,5,R,"Sapphire, Hippolyta, Zappa","Egeus, Cash, Quince, Pease, Chicklet",R,1
Social,2,Prudence,Male,2021-12-07T00:00:00Z,54,3-5,3,5,R,"Sapphire, Hippolyta, Zappa","Egeus, Cash, Quince, Pease, Chicklet",R,1
Social,2,Mote,Male,2021-12-07T00:00:00Z,54,3-5,3,5,R,"Sapphire, Hippolyta, Zappa","Egeus, Cash, Quince, Pease, Chicklet",R,1
Social,2,Fern,Male,2021-12-07T00:00:00Z,54,3-5,3,5,R,"Sapphire, Hippolyta, Zappa","Egeus, Cash, Quince, Pease, Chicklet",L,0
Social,2,Mork,Male,2021-12-07T00:00:00Z,55,1-5,1,5,R,Pease,"Quince, Cash, Zappa, Sapphire, Hippolyta",R,1
Social,2,Fern,Male,2021-12-07T00:00:00Z,55,1-5,1,5,R,Pease,"Quince, Cash, Zappa, Sapphire, Hippolyta",L,0
Social,2,Prudence,Male,2021-12-07T00:00:00Z,55,1-5,1,5,R,Pease,"Quince, Cash, Zappa, Sapphire, Hippolyta",L,0
Social,2,Mote,Male,2021-12-07T00:00:00Z,55,1-5,1,5,R,Pease,"Quince, Cash, Zappa, Sapphire, Hippolyta",R,1
Social,2,He-man,Male,2021-12-07T00:00:00Z,55,1-5,1,5,R,Pease,"Quince, Cash, Zappa, Sapphire, Hippolyta",R,1
Social,2,Mulder,Male,2021-12-07T00:00:00Z,55,1-5,1,5,R,Pease,"Quince, Cash, Zappa, Sapphire, Hippolyta",L,0
Social,2,Dumbledore,Male,2021-12-07T00:00:00Z,55,1-5,1,5,R,Pease,"Quince, Cash, Zappa, Sapphire, Hippolyta",R,1
Social,2,Dartagnan,Male,2021-12-07T00:00:00Z,55,1-5,1,5,R,Pease,"Quince, Cash, Zappa, Sapphire, Hippolyta",R,1
Social,2,Fozzie,Male,2021-12-07T00:00:00Z,55,1-5,1,5,R,Pease,"Quince, Cash, Zappa, Sapphire, Hippolyta",R,1
Social,2,Uno,Female,2021-12-07T00:00:00Z,55,1-5,1,5,R,Pease,"Quince, Cash, Zappa, Sapphire, Hippolyta",L,0
Social,2,Mote,Male,2021-12-09T00:00:00Z,56,2-6,2,6,L,"Pease, Egeus","Zappa, Quince, Cash, Chicklet, Sapphire, Hippolyta",R,0
Social,2,Mork,Male,2021-12-09T00:00:00Z,56,2-6,2,6,L,"Pease, Egeus","Zappa, Quince, Cash, Chicklet, Sapphire, Hippolyta",R,0
Social,2,Uno,Female,2021-12-09T00:00:00Z,56,2-6,2,6,L,"Pease, Egeus","Zappa, Quince, Cash, Chicklet, Sapphire, Hippolyta",R,0
Social,2,Prudence,Male,2021-12-09T00:00:00Z,56,2-6,2,6,L,"Pease, Egeus","Zappa, Quince, Cash, Chicklet, Sapphire, Hippolyta",L,1
Social,2,Fozzie,Male,2021-12-09T00:00:00Z,56,2-6,2,6,L,"Pease, Egeus","Zappa, Quince, Cash, Chicklet, Sapphire, Hippolyta",R,0
Social,2,Dumbledore,Male,2021-12-09T00:00:00Z,56,2-6,2,6,L,"Pease, Egeus","Zappa, Quince, Cash, Chicklet, Sapphire, Hippolyta",L,1
Social,2,Dartagnan,Male,2021-12-09T00:00:00Z,56,2-6,2,6,L,"Pease, Egeus","Zappa, Quince, Cash, Chicklet, Sapphire, Hippolyta",L,1
Social,2,He-man,Male,2021-12-09T00:00:00Z,56,2-6,2,6,L,"Pease, Egeus","Zappa, Quince, Cash, Chicklet, Sapphire, Hippolyta",L,1
Social,2,Fern,Male,2021-12-09T00:00:00Z,56,2-6,2,6,L,"Pease, Egeus","Zappa, Quince, Cash, Chicklet, Sapphire, Hippolyta",R,0
Social,2,Mulder,Male,2021-12-09T00:00:00Z,56,2-6,2,6,L,"Pease, Egeus","Zappa, Quince, Cash, Chicklet, Sapphire, Hippolyta",L,1
Social,2,Mork,Male,2021-12-10T00:00:00Z,57,2-5,2,5,R,"Quince, Sapphire","Egeus, Pease, Hippolyta, Cash, Zappa",R,1
Social,2,He-man,Male,2021-12-10T00:00:00Z,57,2-5,2,5,R,"Quince, Sapphire","Egeus, Pease, Hippolyta, Cash, Zappa",L,0
Social,2,Dartagnan,Male,2021-12-10T00:00:00Z,57,2-5,2,5,R,"Quince, Sapphire","Egeus, Pease, Hippolyta, Cash, Zappa",R,1
Social,2,Dumbledore,Male,2021-12-10T00:00:00Z,57,2-5,2,5,R,"Quince, Sapphire","Egeus, Pease, Hippolyta, Cash, Zappa",R,1
Social,2,Mulder,Male,2021-12-10T00:00:00Z,57,2-5,2,5,R,"Quince, Sapphire","Egeus, Pease, Hippolyta, Cash, Zappa",L,0
Social,2,Mote,Male,2021-12-10T00:00:00Z,57,2-5,2,5,R,"Quince, Sapphire","Egeus, Pease, Hippolyta, Cash, Zappa",L,0
Social,2,Uno,Female,2021-12-10T00:00:00Z,57,2-5,2,5,R,"Quince, Sapphire","Egeus, Pease, Hippolyta, Cash, Zappa",L,0
Social,2,Fozzie,Male,2021-12-10T00:00:00Z,57,2-5,2,5,R,"Quince, Sapphire","Egeus, Pease, Hippolyta, Cash, Zappa",R,1
Social,2,Prudence,Male,2021-12-10T00:00:00Z,57,2-5,2,5,R,"Quince, Sapphire","Egeus, Pease, Hippolyta, Cash, Zappa",L,0
Social,2,Fern,Male,2021-12-10T00:00:00Z,57,2-5,2,5,R,"Quince, Sapphire","Egeus, Pease, Hippolyta, Cash, Zappa",L,0
Social,2,Mork,Male,2021-12-10T00:00:00Z,58,0-6,0,6,R,0,"Sapphire, Egeus, Chicklet, Quince, Hippolyta, Cash",R,1
Social,2,Mulder,Male,2021-12-10T00:00:00Z,58,0-6,0,6,R,0,"Sapphire, Egeus, Chicklet, Quince, Hippolyta, Cash",L,0
Social,2,Fozzie,Male,2021-12-10T00:00:00Z,58,0-6,0,6,R,0,"Sapphire, Egeus, Chicklet, Quince, Hippolyta, Cash",L,0
Social,2,Dartagnan,Male,2021-12-10T00:00:00Z,58,0-6,0,6,R,0,"Sapphire, Egeus, Chicklet, Quince, Hippolyta, Cash",L,0
Social,2,Dumbledore,Male,2021-12-10T00:00:00Z,58,0-6,0,6,R,0,"Sapphire, Egeus, Chicklet, Quince, Hippolyta, Cash",R,1
Social,2,Prudence,Male,2021-12-10T00:00:00Z,58,0-6,0,6,R,0,"Sapphire, Egeus, Chicklet, Quince, Hippolyta, Cash",L,0
Social,2,Fern,Male,2021-12-10T00:00:00Z,58,0-6,0,6,R,0,"Sapphire, Egeus, Chicklet, Quince, Hippolyta, Cash",R,1
Social,2,Mote,Male,2021-12-10T00:00:00Z,58,0-6,0,6,R,0,"Sapphire, Egeus, Chicklet, Quince, Hippolyta, Cash",R,1
Social,2,He-man,Male,2021-12-10T00:00:00Z,58,0-6,0,6,R,0,"Sapphire, Egeus, Chicklet, Quince, Hippolyta, Cash",R,1
Social,2,Uno,Female,2021-12-10T00:00:00Z,58,0-6,0,6,R,0,"Sapphire, Egeus, Chicklet, Quince, Hippolyta, Cash",R,1
Social,2,Mork,Male,2021-12-11T00:00:00Z,59,2-4,2,4,L,"Cash, Zappa","Chicklet, Hippolyta, Sapphire, Pease",R,0
Social,2,Mote,Male,2021-12-11T00:00:00Z,59,2-4,2,4,L,"Cash, Zappa","Chicklet, Hippolyta, Sapphire, Pease",R,0
Social,2,Uno,Female,2021-12-11T00:00:00Z,59,2-4,2,4,L,"Cash, Zappa","Chicklet, Hippolyta, Sapphire, Pease",L,1
Social,2,Dumbledore,Male,2021-12-11T00:00:00Z,59,2-4,2,4,L,"Cash, Zappa","Chicklet, Hippolyta, Sapphire, Pease",L,1
Social,2,Mulder,Male,2021-12-11T00:00:00Z,59,2-4,2,4,L,"Cash, Zappa","Chicklet, Hippolyta, Sapphire, Pease",L,1
Social,2,Dartagnan,Male,2021-12-11T00:00:00Z,59,2-4,2,4,L,"Cash, Zappa","Chicklet, Hippolyta, Sapphire, Pease",L,1
Social,2,Fern,Male,2021-12-11T00:00:00Z,59,2-4,2,4,L,"Cash, Zappa","Chicklet, Hippolyta, Sapphire, Pease",L,1
Social,2,He-man,Male,2021-12-11T00:00:00Z,59,2-4,2,4,L,"Cash, Zappa","Chicklet, Hippolyta, Sapphire, Pease",L,1
Social,2,Prudence,Male,2021-12-11T00:00:00Z,59,2-4,2,4,L,"Cash, Zappa","Chicklet, Hippolyta, Sapphire, Pease",R,0
Social,2,Fozzie,Male,2021-12-11T00:00:00Z,59,2-4,2,4,L,"Cash, Zappa","Chicklet, Hippolyta, Sapphire, Pease",L,1
Social,2,Prudence,Male,2021-12-11T00:00:00Z,60,1-4,1,4,L,Quince,"Cash, Zappa, Egeus, Chicklet",R,0
Social,2,Fern,Male,2021-12-11T00:00:00Z,60,1-4,1,4,L,Quince,"Cash, Zappa, Egeus, Chicklet",L,1
Social,2,Mulder,Male,2021-12-11T00:00:00Z,60,1-4,1,4,L,Quince,"Cash, Zappa, Egeus, Chicklet",L,1
Social,2,Mork,Male,2021-12-11T00:00:00Z,60,1-4,1,4,L,Quince,"Cash, Zappa, Egeus, Chicklet",L,1
Social,2,Dumbledore,Male,2021-12-11T00:00:00Z,60,1-4,1,4,L,Quince,"Cash, Zappa, Egeus, Chicklet",L,1
Social,2,Uno,Female,2021-12-11T00:00:00Z,60,1-4,1,4,L,Quince,"Cash, Zappa, Egeus, Chicklet",L,1
Social,2,Dartagnan,Male,2021-12-11T00:00:00Z,60,1-4,1,4,L,Quince,"Cash, Zappa, Egeus, Chicklet",L,1
Social,2,Fozzie,Male,2021-12-11T00:00:00Z,60,1-4,1,4,L,Quince,"Cash, Zappa, Egeus, Chicklet",L,1
Social,2,Mote,Male,2021-12-11T00:00:00Z,60,1-4,1,4,L,Quince,"Cash, Zappa, Egeus, Chicklet",R,0
Social,2,He-man,Male,2021-12-11T00:00:00Z,60,1-4,1,4,L,Quince,"Cash, Zappa, Egeus, Chicklet",L,1
Social,2,Dumbledore,Male,2021-12-11T00:00:00Z,61,1-3,1,3,L,Hippolyta,"Zappa, Chicklet, Egeus",R,0
Social,2,Uno,Female,2021-12-11T00:00:00Z,61,1-3,1,3,L,Hippolyta,"Zappa, Chicklet, Egeus",L,1
Social,2,Fozzie,Male,2021-12-11T00:00:00Z,61,1-3,1,3,L,Hippolyta,"Zappa, Chicklet, Egeus",R,0
Social,2,Mote,Male,2021-12-11T00:00:00Z,61,1-3,1,3,L,Hippolyta,"Zappa, Chicklet, Egeus",L,1
Social,2,Mork,Male,2021-12-11T00:00:00Z,61,1-3,1,3,L,Hippolyta,"Zappa, Chicklet, Egeus",R,0
Social,2,Prudence,Male,2021-12-11T00:00:00Z,61,1-3,1,3,L,Hippolyta,"Zappa, Chicklet, Egeus",L,1
Social,2,Mulder,Male,2021-12-11T00:00:00Z,61,1-3,1,3,L,Hippolyta,"Zappa, Chicklet, Egeus",L,1
Social,2,He-man,Male,2021-12-11T00:00:00Z,61,1-3,1,3,L,Hippolyta,"Zappa, Chicklet, Egeus",L,1
Social,2,Fern,Male,2021-12-11T00:00:00Z,61,1-3,1,3,L,Hippolyta,"Zappa, Chicklet, Egeus",L,1
Social,2,Dartagnan,Male,2021-12-11T00:00:00Z,61,1-3,1,3,L,Hippolyta,"Zappa, Chicklet, Egeus",L,1
Social,2,Mork,Male,2021-12-12T00:00:00Z,62,1-2,1,2,R,Chicklet,"Egeus, Quince",L,0
Social,2,Fern,Male,2021-12-12T00:00:00Z,62,1-2,1,2,R,Chicklet,"Egeus, Quince",R,1
Social,2,Uno,Female,2021-12-12T00:00:00Z,62,1-2,1,2,R,Chicklet,"Egeus, Quince",L,0
Social,2,Dartagnan,Male,2021-12-12T00:00:00Z,62,1-2,1,2,R,Chicklet,"Egeus, Quince",L,0
Social,2,He-man,Male,2021-12-12T00:00:00Z,62,1-2,1,2,R,Chicklet,"Egeus, Quince",R,1
Social,2,Mote,Male,2021-12-12T00:00:00Z,62,1-2,1,2,R,Chicklet,"Egeus, Quince",R,1
Social,2,Fozzie,Male,2021-12-12T00:00:00Z,62,1-2,1,2,R,Chicklet,"Egeus, Quince",L,0
Social,2,Prudence,Male,2021-12-12T00:00:00Z,62,1-2,1,2,R,Chicklet,"Egeus, Quince",R,1
Social,2,Mulder,Male,2021-12-12T00:00:00Z,62,1-2,1,2,R,Chicklet,"Egeus, Quince",L,0
Social,2,Dumbledore,Male,2021-12-12T00:00:00Z,62,1-2,1,2,R,Chicklet,"Egeus, Quince",L,0
Social,2,Uno,Female,2021-12-13T00:00:00Z,63,2-3,2,3,R,"Egeus, Sapphire","Zappa, Hippolyta, Chicklet",L,0
Social,2,Dartagnan,Male,2021-12-13T00:00:00Z,63,2-3,2,3,R,"Egeus, Sapphire","Zappa, Hippolyta, Chicklet",R,1
Social,2,Mote,Male,2021-12-13T00:00:00Z,63,2-3,2,3,R,"Egeus, Sapphire","Zappa, Hippolyta, Chicklet",R,1
Social,2,He-man,Male,2021-12-13T00:00:00Z,63,2-3,2,3,R,"Egeus, Sapphire","Zappa, Hippolyta, Chicklet",L,0
Social,2,Dumbledore,Male,2021-12-13T00:00:00Z,63,2-3,2,3,R,"Egeus, Sapphire","Zappa, Hippolyta, Chicklet",L,0
Social,2,Fern,Male,2021-12-13T00:00:00Z,63,2-3,2,3,R,"Egeus, Sapphire","Zappa, Hippolyta, Chicklet",L,0
Social,2,Fozzie,Male,2021-12-13T00:00:00Z,63,2-3,2,3,R,"Egeus, Sapphire","Zappa, Hippolyta, Chicklet",L,0
Social,2,Mork,Male,2021-12-13T00:00:00Z,63,2-3,2,3,R,"Egeus, Sapphire","Zappa, Hippolyta, Chicklet",L,0
Social,2,Mulder,Male,2021-12-13T00:00:00Z,63,2-3,2,3,R,"Egeus, Sapphire","Zappa, Hippolyta, Chicklet",L,0
Social,2,Prudence,Male,2021-12-13T00:00:00Z,63,2-3,2,3,R,"Egeus, Sapphire","Zappa, Hippolyta, Chicklet",L,0
Social,2,Uno,Female,2021-12-13T00:00:00Z,64,0-6,0,6,R,0,"Quince, Zappa, Chicklet, Pease, Cash, Egeus",R,1
Social,2,He-man,Male,2021-12-13T00:00:00Z,64,0-6,0,6,R,0,"Quince, Zappa, Chicklet, Pease, Cash, Egeus",R,1
Social,2,Fozzie,Male,2021-12-13T00:00:00Z,64,0-6,0,6,R,0,"Quince, Zappa, Chicklet, Pease, Cash, Egeus",R,1
Social,2,Dumbledore,Male,2021-12-13T00:00:00Z,64,0-6,0,6,R,0,"Quince, Zappa, Chicklet, Pease, Cash, Egeus",L,0
Social,2,Dartagnan,Male,2021-12-13T00:00:00Z,64,0-6,0,6,R,0,"Quince, Zappa, Chicklet, Pease, Cash, Egeus",R,1
Social,2,Mulder,Male,2021-12-13T00:00:00Z,64,0-6,0,6,R,0,"Quince, Zappa, Chicklet, Pease, Cash, Egeus",L,0
Social,2,Mork,Male,2021-12-13T00:00:00Z,64,0-6,0,6,R,0,"Quince, Zappa, Chicklet, Pease, Cash, Egeus",R,1
Social,2,Prudence,Male,2021-12-13T00:00:00Z,64,0-6,0,6,R,0,"Quince, Zappa, Chicklet, Pease, Cash, Egeus",L,0
Social,2,Mote,Male,2021-12-13T00:00:00Z,64,0-6,0,6,R,0,"Quince, Zappa, Chicklet, Pease, Cash, Egeus",R,1
Social,2,Fern,Male,2021-12-13T00:00:00Z,64,0-6,0,6,R,0,"Quince, Zappa, Chicklet, Pease, Cash, Egeus",R,1
Social,2,Mork,Male,2021-12-14T00:00:00Z,65,1-6,1,6,L,Chicklet,"Pease, Hippolyta, Quince, Cash, Sapphire, Zappa",R,0
Social,2,Fern,Male,2021-12-14T00:00:00Z,65,1-6,1,6,L,Chicklet,"Pease, Hippolyta, Quince, Cash, Sapphire, Zappa",L,1
Social,2,Prudence,Male,2021-12-14T00:00:00Z,65,1-6,1,6,L,Chicklet,"Pease, Hippolyta, Quince, Cash, Sapphire, Zappa",R,0
Social,2,Mote,Male,2021-12-14T00:00:00Z,65,1-6,1,6,L,Chicklet,"Pease, Hippolyta, Quince, Cash, Sapphire, Zappa",L,1
Social,2,He-man,Male,2021-12-14T00:00:00Z,65,1-6,1,6,L,Chicklet,"Pease, Hippolyta, Quince, Cash, Sapphire, Zappa",L,1
Social,2,Mulder,Male,2021-12-14T00:00:00Z,65,1-6,1,6,L,Chicklet,"Pease, Hippolyta, Quince, Cash, Sapphire, Zappa",L,1
Social,2,Dumbledore,Male,2021-12-14T00:00:00Z,65,1-6,1,6,L,Chicklet,"Pease, Hippolyta, Quince, Cash, Sapphire, Zappa",L,1
Social,2,Dartagnan,Male,2021-12-14T00:00:00Z,65,1-6,1,6,L,Chicklet,"Pease, Hippolyta, Quince, Cash, Sapphire, Zappa",L,1
Social,2,Fozzie,Male,2021-12-14T00:00:00Z,65,1-6,1,6,L,Chicklet,"Pease, Hippolyta, Quince, Cash, Sapphire, Zappa",L,1
Social,2,Uno,Female,2021-12-14T00:00:00Z,65,1-6,1,6,L,Chicklet,"Pease, Hippolyta, Quince, Cash, Sapphire, Zappa",L,1
Social,2,Mote,Male,2021-12-14T00:00:00Z,66,3-4,3,4,L,"Chicklet, Egeus, Hippolyta","Zappa, Cash, Quince, Pease",R,0
Social,2,Mork,Male,2021-12-14T00:00:00Z,66,3-4,3,4,L,"Chicklet, Egeus, Hippolyta","Zappa, Cash, Quince, Pease",R,0
Social,2,Uno,Female,2021-12-14T00:00:00Z,66,3-4,3,4,L,"Chicklet, Egeus, Hippolyta","Zappa, Cash, Quince, Pease",L,1
Social,2,Prudence,Male,2021-12-14T00:00:00Z,66,3-4,3,4,L,"Chicklet, Egeus, Hippolyta","Zappa, Cash, Quince, Pease",L,1
Social,2,Fozzie,Male,2021-12-14T00:00:00Z,66,3-4,3,4,L,"Chicklet, Egeus, Hippolyta","Zappa, Cash, Quince, Pease",R,0
Social,2,Dumbledore,Male,2021-12-14T00:00:00Z,66,3-4,3,4,L,"Chicklet, Egeus, Hippolyta","Zappa, Cash, Quince, Pease",R,0
Social,2,Dartagnan,Male,2021-12-14T00:00:00Z,66,3-4,3,4,L,"Chicklet, Egeus, Hippolyta","Zappa, Cash, Quince, Pease",L,1
Social,2,He-man,Male,2021-12-14T00:00:00Z,66,3-4,3,4,L,"Chicklet, Egeus, Hippolyta","Zappa, Cash, Quince, Pease",L,1
Social,2,Fern,Male,2021-12-14T00:00:00Z,66,3-4,3,4,L,"Chicklet, Egeus, Hippolyta","Zappa, Cash, Quince, Pease",R,0
Social,2,Mulder,Male,2021-12-14T00:00:00Z,66,3-4,3,4,L,"Chicklet, Egeus, Hippolyta","Zappa, Cash, Quince, Pease",L,1
Social,2,Mork,Male,2021-12-16T00:00:00Z,67,2-6,2,6,R,"Zappa, Egeus","Sapphire, Quince, Pease, Cash, Hippolyta, Chicklet",R,1
Social,2,He-man,Male,2021-12-16T00:00:00Z,67,2-6,2,6,R,"Zappa, Egeus","Sapphire, Quince, Pease, Cash, Hippolyta, Chicklet",R,1
Social,2,Dartagnan,Male,2021-12-16T00:00:00Z,67,2-6,2,6,R,"Zappa, Egeus","Sapphire, Quince, Pease, Cash, Hippolyta, Chicklet",L,0
Social,2,Dumbledore,Male,2021-12-16T00:00:00Z,67,2-6,2,6,R,"Zappa, Egeus","Sapphire, Quince, Pease, Cash, Hippolyta, Chicklet",L,0
Social,2,Mulder,Male,2021-12-16T00:00:00Z,67,2-6,2,6,R,"Zappa, Egeus","Sapphire, Quince, Pease, Cash, Hippolyta, Chicklet",R,1
Social,2,Mote,Male,2021-12-16T00:00:00Z,67,2-6,2,6,R,"Zappa, Egeus","Sapphire, Quince, Pease, Cash, Hippolyta, Chicklet",R,1
Social,2,Uno,Female,2021-12-16T00:00:00Z,67,2-6,2,6,R,"Zappa, Egeus","Sapphire, Quince, Pease, Cash, Hippolyta, Chicklet",R,1
Social,2,Fozzie,Male,2021-12-16T00:00:00Z,67,2-6,2,6,R,"Zappa, Egeus","Sapphire, Quince, Pease, Cash, Hippolyta, Chicklet",R,1
Social,2,Prudence,Male,2021-12-16T00:00:00Z,67,2-6,2,6,R,"Zappa, Egeus","Sapphire, Quince, Pease, Cash, Hippolyta, Chicklet",L,0
Social,2,Fern,Male,2021-12-16T00:00:00Z,67,2-6,2,6,R,"Zappa, Egeus","Sapphire, Quince, Pease, Cash, Hippolyta, Chicklet",R,1
Social,2,Mork,Male,2021-12-17T00:00:00Z,68,1-4,1,4,R,Hippolyta,"Pease, Zappa, Sapphire, Quince",R,1
Social,2,Mulder,Male,2021-12-17T00:00:00Z,68,1-4,1,4,R,Hippolyta,"Pease, Zappa, Sapphire, Quince",L,0
Social,2,Fozzie,Male,2021-12-17T00:00:00Z,68,1-4,1,4,R,Hippolyta,"Pease, Zappa, Sapphire, Quince",L,0
Social,2,Dartagnan,Male,2021-12-17T00:00:00Z,68,1-4,1,4,R,Hippolyta,"Pease, Zappa, Sapphire, Quince",L,0
Social,2,Dumbledore,Male,2021-12-17T00:00:00Z,68,1-4,1,4,R,Hippolyta,"Pease, Zappa, Sapphire, Quince",L,0
Social,2,Prudence,Male,2021-12-17T00:00:00Z,68,1-4,1,4,R,Hippolyta,"Pease, Zappa, Sapphire, Quince",L,0
Social,2,Fern,Male,2021-12-17T00:00:00Z,68,1-4,1,4,R,Hippolyta,"Pease, Zappa, Sapphire, Quince",R,1
Social,2,Mote,Male,2021-12-17T00:00:00Z,68,1-4,1,4,R,Hippolyta,"Pease, Zappa, Sapphire, Quince",R,1
Social,2,He-man,Male,2021-12-17T00:00:00Z,68,1-4,1,4,R,Hippolyta,"Pease, Zappa, Sapphire, Quince",L,0
Social,2,Uno,Female,2021-12-17T00:00:00Z,68,1-4,1,4,R,Hippolyta,"Pease, Zappa, Sapphire, Quince",R,1
Social,2,Mork,Male,2021-12-20T00:00:00Z,69,1-5,1,5,R,Zappa,"Cash, Egeus, Quince, Hippolyta, Pease",R,1
Social,2,Mote,Male,2021-12-20T00:00:00Z,69,1-5,1,5,R,Zappa,"Cash, Egeus, Quince, Hippolyta, Pease",R,1
Social,2,Uno,Female,2021-12-20T00:00:00Z,69,1-5,1,5,R,Zappa,"Cash, Egeus, Quince, Hippolyta, Pease",L,0
Social,2,Dumbledore,Male,2021-12-20T00:00:00Z,69,1-5,1,5,R,Zappa,"Cash, Egeus, Quince, Hippolyta, Pease",R,1
Social,2,Mulder,Male,2021-12-20T00:00:00Z,69,1-5,1,5,R,Zappa,"Cash, Egeus, Quince, Hippolyta, Pease",L,0
Social,2,Dartagnan,Male,2021-12-20T00:00:00Z,69,1-5,1,5,R,Zappa,"Cash, Egeus, Quince, Hippolyta, Pease",L,0
Social,2,Fern,Male,2021-12-20T00:00:00Z,69,1-5,1,5,R,Zappa,"Cash, Egeus, Quince, Hippolyta, Pease",R,1
Social,2,He-man,Male,2021-12-20T00:00:00Z,69,1-5,1,5,R,Zappa,"Cash, Egeus, Quince, Hippolyta, Pease",R,1
Social,2,Prudence,Male,2021-12-20T00:00:00Z,69,1-5,1,5,R,Zappa,"Cash, Egeus, Quince, Hippolyta, Pease",L,0
Social,2,Fozzie,Male,2021-12-20T00:00:00Z,69,1-5,1,5,R,Zappa,"Cash, Egeus, Quince, Hippolyta, Pease",L,0
Social,2,Prudence,Male,2021-12-20T00:00:00Z,70,3-5,3,5,L,"Hippolyta, Cash, Quince","Chicklet, Egeus, Zappa, Sapphire, Pease",L,1
Social,2,Fern,Male,2021-12-20T00:00:00Z,70,3-5,3,5,L,"Hippolyta, Cash, Quince","Chicklet, Egeus, Zappa, Sapphire, Pease",R,0
Social,2,Mulder,Male,2021-12-20T00:00:00Z,70,3-5,3,5,L,"Hippolyta, Cash, Quince","Chicklet, Egeus, Zappa, Sapphire, Pease",R,0
Social,2,Mork,Male,2021-12-20T00:00:00Z,70,3-5,3,5,L,"Hippolyta, Cash, Quince","Chicklet, Egeus, Zappa, Sapphire, Pease",R,0
Social,2,Dumbledore,Male,2021-12-20T00:00:00Z,70,3-5,3,5,L,"Hippolyta, Cash, Quince","Chicklet, Egeus, Zappa, Sapphire, Pease",L,1
Social,2,Uno,Female,2021-12-20T00:00:00Z,70,3-5,3,5,L,"Hippolyta, Cash, Quince","Chicklet, Egeus, Zappa, Sapphire, Pease",L,1
Social,2,Dartagnan,Male,2021-12-20T00:00:00Z,70,3-5,3,5,L,"Hippolyta, Cash, Quince","Chicklet, Egeus, Zappa, Sapphire, Pease",L,1
Social,2,Fozzie,Male,2021-12-20T00:00:00Z,70,3-5,3,5,L,"Hippolyta, Cash, Quince","Chicklet, Egeus, Zappa, Sapphire, Pease",L,1
Social,2,Mote,Male,2021-12-20T00:00:00Z,70,3-5,3,5,L,"Hippolyta, Cash, Quince","Chicklet, Egeus, Zappa, Sapphire, Pease",L,1
Social,2,He-man,Male,2021-12-20T00:00:00Z,70,3-5,3,5,L,"Hippolyta, Cash, Quince","Chicklet, Egeus, Zappa, Sapphire, Pease",R,0
Social,2,Dumbledore,Male,2021-12-21T00:00:00Z,71,2-4,2,4,L,"Pease, Quince","Cash, Chicklet, Zappa, Egeus",R,0
Social,2,Uno,Female,2021-12-21T00:00:00Z,71,2-4,2,4,L,"Pease, Quince","Cash, Chicklet, Zappa, Egeus",L,1
Social,2,Fozzie,Male,2021-12-21T00:00:00Z,71,2-4,2,4,L,"Pease, Quince","Cash, Chicklet, Zappa, Egeus",R,0
Social,2,Mote,Male,2021-12-21T00:00:00Z,71,2-4,2,4,L,"Pease, Quince","Cash, Chicklet, Zappa, Egeus",R,0
Social,2,Mork,Male,2021-12-21T00:00:00Z,71,2-4,2,4,L,"Pease, Quince","Cash, Chicklet, Zappa, Egeus",R,0
Social,2,Prudence,Male,2021-12-21T00:00:00Z,71,2-4,2,4,L,"Pease, Quince","Cash, Chicklet, Zappa, Egeus",R,0
Social,2,Mulder,Male,2021-12-21T00:00:00Z,71,2-4,2,4,L,"Pease, Quince","Cash, Chicklet, Zappa, Egeus",L,1
Social,2,He-man,Male,2021-12-21T00:00:00Z,71,2-4,2,4,L,"Pease, Quince","Cash, Chicklet, Zappa, Egeus",R,0
Social,2,Fern,Male,2021-12-21T00:00:00Z,71,2-4,2,4,L,"Pease, Quince","Cash, Chicklet, Zappa, Egeus",R,0
Social,2,Dartagnan,Male,2021-12-21T00:00:00Z,71,2-4,2,4,L,"Pease, Quince","Cash, Chicklet, Zappa, Egeus",L,1
Social,2,Mork,Male,2021-12-21T00:00:00Z,72,2-5,2,5,R,"Chicklet, Pease","Cash, Sapphire, Zappa, Hippolyta, Egeus",L,0
Social,2,Fern,Male,2021-12-21T00:00:00Z,72,2-5,2,5,R,"Chicklet, Pease","Cash, Sapphire, Zappa, Hippolyta, Egeus",L,0
Social,2,Uno,Female,2021-12-21T00:00:00Z,72,2-5,2,5,R,"Chicklet, Pease","Cash, Sapphire, Zappa, Hippolyta, Egeus",R,1
Social,2,Dartagnan,Male,2021-12-21T00:00:00Z,72,2-5,2,5,R,"Chicklet, Pease","Cash, Sapphire, Zappa, Hippolyta, Egeus",L,0
Social,2,He-man,Male,2021-12-21T00:00:00Z,72,2-5,2,5,R,"Chicklet, Pease","Cash, Sapphire, Zappa, Hippolyta, Egeus",R,1
Social,2,Mote,Male,2021-12-21T00:00:00Z,72,2-5,2,5,R,"Chicklet, Pease","Cash, Sapphire, Zappa, Hippolyta, Egeus",R,1
Social,2,Fozzie,Male,2021-12-21T00:00:00Z,72,2-5,2,5,R,"Chicklet, Pease","Cash, Sapphire, Zappa, Hippolyta, Egeus",L,0
Social,2,Prudence,Male,2021-12-21T00:00:00Z,72,2-5,2,5,R,"Chicklet, Pease","Cash, Sapphire, Zappa, Hippolyta, Egeus",R,1
Social,2,Mulder,Male,2021-12-21T00:00:00Z,72,2-5,2,5,R,"Chicklet, Pease","Cash, Sapphire, Zappa, Hippolyta, Egeus",L,0
Social,2,Dumbledore,Male,2021-12-21T00:00:00Z,72,2-5,2,5,R,"Chicklet, Pease","Cash, Sapphire, Zappa, Hippolyta, Egeus",L,0
Social,2,Uno,Female,2021-12-22T00:00:00Z,73,3-4,3,4,R,"Zappa, Chicklet, Sapphire","Egeus, Cash, Pease, Quince",L,0
Social,2,Dartagnan,Male,2021-12-22T00:00:00Z,73,3-4,3,4,R,"Zappa, Chicklet, Sapphire","Egeus, Cash, Pease, Quince",L,0
Social,2,Mote,Male,2021-12-22T00:00:00Z,73,3-4,3,4,R,"Zappa, Chicklet, Sapphire","Egeus, Cash, Pease, Quince",L,0
Social,2,He-man,Male,2021-12-22T00:00:00Z,73,3-4,3,4,R,"Zappa, Chicklet, Sapphire","Egeus, Cash, Pease, Quince",R,1
Social,2,Dumbledore,Male,2021-12-22T00:00:00Z,73,3-4,3,4,R,"Zappa, Chicklet, Sapphire","Egeus, Cash, Pease, Quince",R,1
Social,2,Fern,Male,2021-12-22T00:00:00Z,73,3-4,3,4,R,"Zappa, Chicklet, Sapphire","Egeus, Cash, Pease, Quince",R,1
Social,2,Fozzie,Male,2022-02-04T00:00:00Z,73,3-4,3,4,R,"Zappa, Chicklet, Sapphire","Egeus, Cash, Pease, Quince",L,0
Social,2,Mork,Male,2021-12-22T00:00:00Z,73,3-4,3,4,R,"Zappa, Chicklet, Sapphire","Egeus, Cash, Pease, Quince",R,1
Social,2,Mulder,Male,2021-12-22T00:00:00Z,73,3-4,3,4,R,"Zappa, Chicklet, Sapphire","Egeus, Cash, Pease, Quince",L,0
Social,2,Prudence,Male,2021-12-22T00:00:00Z,73,3-4,3,4,R,"Zappa, Chicklet, Sapphire","Egeus, Cash, Pease, Quince",L,0
Social,2,Uno,Female,2021-12-22T00:00:00Z,74,1-6,1,6,L,Sapphire,"Quince, Hippolyta, Zappa, Chicklet, Pease, Egeus",L,1
Social,2,He-man,Male,2021-12-22T00:00:00Z,74,1-6,1,6,L,Sapphire,"Quince, Hippolyta, Zappa, Chicklet, Pease, Egeus",R,0
Social,2,Fozzie,Male,2022-02-08T00:00:00Z,74,1-6,1,6,L,Sapphire,"Quince, Hippolyta, Zappa, Chicklet, Pease, Egeus",R,0
Social,2,Dumbledore,Male,2021-12-22T00:00:00Z,74,1-6,1,6,L,Sapphire,"Quince, Hippolyta, Zappa, Chicklet, Pease, Egeus",R,0
Social,2,Dartagnan,Male,2021-12-22T00:00:00Z,74,1-6,1,6,L,Sapphire,"Quince, Hippolyta, Zappa, Chicklet, Pease, Egeus",L,1
Social,2,Mulder,Male,2021-12-22T00:00:00Z,74,1-6,1,6,L,Sapphire,"Quince, Hippolyta, Zappa, Chicklet, Pease, Egeus",L,1
Social,2,Mork,Male,2021-12-22T00:00:00Z,74,1-6,1,6,L,Sapphire,"Quince, Hippolyta, Zappa, Chicklet, Pease, Egeus",R,0
Social,2,Prudence,Male,2021-12-22T00:00:00Z,74,1-6,1,6,L,Sapphire,"Quince, Hippolyta, Zappa, Chicklet, Pease, Egeus",L,1
Social,2,Mote,Male,2021-12-22T00:00:00Z,74,1-6,1,6,L,Sapphire,"Quince, Hippolyta, Zappa, Chicklet, Pease, Egeus",R,0
Social,2,Fern,Male,2021-12-22T00:00:00Z,74,1-6,1,6,L,Sapphire,"Quince, Hippolyta, Zappa, Chicklet, Pease, Egeus",R,0
Social,2,Mork,Male,2021-12-23T00:00:00Z,75,2-6,2,6,L,"Quince, Sapphire","Cash, Chicklet, Pease, Egeus, Zappa, Hippolyta",R,0
Social,2,Fern,Male,2021-12-23T00:00:00Z,75,2-6,2,6,L,"Quince, Sapphire","Cash, Chicklet, Pease, Egeus, Zappa, Hippolyta",R,0
Social,2,Prudence,Male,2021-12-23T00:00:00Z,75,2-6,2,6,L,"Quince, Sapphire","Cash, Chicklet, Pease, Egeus, Zappa, Hippolyta",L,1
Social,2,Mote,Male,2021-12-23T00:00:00Z,75,2-6,2,6,L,"Quince, Sapphire","Cash, Chicklet, Pease, Egeus, Zappa, Hippolyta",R,0
Social,2,He-man,Male,2021-12-23T00:00:00Z,75,2-6,2,6,L,"Quince, Sapphire","Cash, Chicklet, Pease, Egeus, Zappa, Hippolyta",R,0
Social,2,Mulder,Male,2021-12-23T00:00:00Z,75,2-6,2,6,L,"Quince, Sapphire","Cash, Chicklet, Pease, Egeus, Zappa, Hippolyta",L,1
Social,2,Dumbledore,Male,2021-12-23T00:00:00Z,75,2-6,2,6,L,"Quince, Sapphire","Cash, Chicklet, Pease, Egeus, Zappa, Hippolyta",L,1
Social,2,Dartagnan,Male,2021-12-23T00:00:00Z,75,2-6,2,6,L,"Quince, Sapphire","Cash, Chicklet, Pease, Egeus, Zappa, Hippolyta",L,1
Social,2,Fozzie,Male,2022-02-09T00:00:00Z,75,2-6,2,6,L,"Quince, Sapphire","Cash, Chicklet, Pease, Egeus, Zappa, Hippolyta",L,1
Social,2,Uno,Female,2021-12-23T00:00:00Z,75,2-6,2,6,L,"Quince, Sapphire","Cash, Chicklet, Pease, Egeus, Zappa, Hippolyta",R,0
Social,2,Mote,Male,2021-12-23T00:00:00Z,76,2-3,2,3,R,"Pease, Chicklet","Sapphire, Hippolyta, Egeus",R,1
Social,2,Mork,Male,2021-12-23T00:00:00Z,76,2-3,2,3,R,"Pease, Chicklet","Sapphire, Hippolyta, Egeus",R,1
Social,2,Uno,Female,2021-12-23T00:00:00Z,76,2-3,2,3,R,"Pease, Chicklet","Sapphire, Hippolyta, Egeus",L,0
Social,2,Prudence,Male,2021-12-23T00:00:00Z,76,2-3,2,3,R,"Pease, Chicklet","Sapphire, Hippolyta, Egeus",R,1
Social,2,Fozzie,Male,2022-02-10T00:00:00Z,76,2-3,2,3,R,"Pease, Chicklet","Sapphire, Hippolyta, Egeus",R,1
Social,2,Dumbledore,Male,2021-12-23T00:00:00Z,76,2-3,2,3,R,"Pease, Chicklet","Sapphire, Hippolyta, Egeus",R,1
Social,2,Dartagnan,Male,2021-12-23T00:00:00Z,76,2-3,2,3,R,"Pease, Chicklet","Sapphire, Hippolyta, Egeus",L,0
Social,2,He-man,Male,2021-12-23T00:00:00Z,76,2-3,2,3,R,"Pease, Chicklet","Sapphire, Hippolyta, Egeus",L,0
Social,2,Fern,Male,2021-12-23T00:00:00Z,76,2-3,2,3,R,"Pease, Chicklet","Sapphire, Hippolyta, Egeus",L,0
Social,2,Mulder,Male,2021-12-23T00:00:00Z,76,2-3,2,3,R,"Pease, Chicklet","Sapphire, Hippolyta, Egeus",L,0
Social,2,Mork,Male,2021-12-24T00:00:00Z,77,2-4,2,4,R,"Hippolyta, Zappa","Sapphire, Pease, Quince, Chicklet",R,1
Social,2,He-man,Male,2021-12-24T00:00:00Z,77,2-4,2,4,R,"Hippolyta, Zappa","Sapphire, Pease, Quince, Chicklet",R,1
Social,2,Dartagnan,Male,2021-12-24T00:00:00Z,77,2-4,2,4,R,"Hippolyta, Zappa","Sapphire, Pease, Quince, Chicklet",L,0
Social,2,Dumbledore,Male,2021-12-24T00:00:00Z,77,2-4,2,4,R,"Hippolyta, Zappa","Sapphire, Pease, Quince, Chicklet",L,0
Social,2,Mulder,Male,2021-12-24T00:00:00Z,77,2-4,2,4,R,"Hippolyta, Zappa","Sapphire, Pease, Quince, Chicklet",L,0
Social,2,Mote,Male,2021-12-24T00:00:00Z,77,2-4,2,4,R,"Hippolyta, Zappa","Sapphire, Pease, Quince, Chicklet",R,1
Social,2,Uno,Female,2021-12-24T00:00:00Z,77,2-4,2,4,R,"Hippolyta, Zappa","Sapphire, Pease, Quince, Chicklet",R,1
Social,2,Fozzie,Male,2021-12-24T00:00:00Z,77,2-4,2,4,R,"Hippolyta, Zappa","Sapphire, Pease, Quince, Chicklet",L,0
Social,2,Prudence,Male,2021-12-24T00:00:00Z,77,2-4,2,4,R,"Hippolyta, Zappa","Sapphire, Pease, Quince, Chicklet",R,1
Social,2,Fern,Male,2021-12-24T00:00:00Z,77,2-4,2,4,R,"Hippolyta, Zappa","Sapphire, Pease, Quince, Chicklet",R,1
Social,2,Mork,Male,2021-12-24T00:00:00Z,78,1-4,1,4,R,Zappa,"Egeus, Cash, Quince, Chicklet",R,1
Social,2,Mulder,Male,2021-12-24T00:00:00Z,78,1-4,1,4,R,Zappa,"Egeus, Cash, Quince, Chicklet",L,0
Social,2,Fozzie,Male,2022-02-14T00:00:00Z,78,1-4,1,4,R,Zappa,"Egeus, Cash, Quince, Chicklet",R,1
Social,2,Dartagnan,Male,2021-12-24T00:00:00Z,78,1-4,1,4,R,Zappa,"Egeus, Cash, Quince, Chicklet",R,1
Social,2,Dumbledore,Male,2021-12-24T00:00:00Z,78,1-4,1,4,R,Zappa,"Egeus, Cash, Quince, Chicklet",R,1
Social,2,Prudence,Male,2021-12-24T00:00:00Z,78,1-4,1,4,R,Zappa,"Egeus, Cash, Quince, Chicklet",L,0
Social,2,Fern,Male,2021-12-24T00:00:00Z,78,1-4,1,4,R,Zappa,"Egeus, Cash, Quince, Chicklet",L,0
Social,2,Mote,Male,2021-12-24T00:00:00Z,78,1-4,1,4,R,Zappa,"Egeus, Cash, Quince, Chicklet",R,1
Social,2,He-man,Male,2021-12-24T00:00:00Z,78,1-4,1,4,R,Zappa,"Egeus, Cash, Quince, Chicklet",R,1
Social,2,Uno,Female,2021-12-24T00:00:00Z,78,1-4,1,4,R,Zappa,"Egeus, Cash, Quince, Chicklet",L,0
Social,2,Mork,Male,2021-12-27T00:00:00Z,79,0-6,0,6,L,0,"Pease, Quince, Chicklet, Cash, Egeus, Zappa",L,1
Social,2,Mote,Male,2021-12-27T00:00:00Z,79,0-6,0,6,L,0,"Pease, Quince, Chicklet, Cash, Egeus, Zappa",R,0
Social,2,Uno,Female,2021-12-27T00:00:00Z,79,0-6,0,6,L,0,"Pease, Quince, Chicklet, Cash, Egeus, Zappa",L,1
Social,2,Dumbledore,Male,2021-12-27T00:00:00Z,79,0-6,0,6,L,0,"Pease, Quince, Chicklet, Cash, Egeus, Zappa",R,0
Social,2,Mulder,Male,2021-12-27T00:00:00Z,79,0-6,0,6,L,0,"Pease, Quince, Chicklet, Cash, Egeus, Zappa",L,1
Social,2,Dartagnan,Male,2021-12-27T00:00:00Z,79,0-6,0,6,L,0,"Pease, Quince, Chicklet, Cash, Egeus, Zappa",R,0
Social,2,Fern,Male,2021-12-27T00:00:00Z,79,0-6,0,6,L,0,"Pease, Quince, Chicklet, Cash, Egeus, Zappa",R,0
Social,2,He-man,Male,2021-12-27T00:00:00Z,79,0-6,0,6,L,0,"Pease, Quince, Chicklet, Cash, Egeus, Zappa",R,0
Social,2,Prudence,Male,2021-12-27T00:00:00Z,79,0-6,0,6,L,0,"Pease, Quince, Chicklet, Cash, Egeus, Zappa",R,0
Social,2,Fozzie,Male,2022-02-14T00:00:00Z,79,0-6,0,6,L,0,"Pease, Quince, Chicklet, Cash, Egeus, Zappa",L,1
Social,2,Prudence,Male,2021-12-27T00:00:00Z,80,1-2,1,2,R,Pease,"Quince, Sapphire",R,1
Social,2,Fern,Male,2021-12-27T00:00:00Z,80,1-2,1,2,R,Pease,"Quince, Sapphire",L,0
Social,2,Mulder,Male,2021-12-27T00:00:00Z,80,1-2,1,2,R,Pease,"Quince, Sapphire",R,1
Social,2,Mork,Male,2021-12-27T00:00:00Z,80,1-2,1,2,R,Pease,"Quince, Sapphire",L,0
Social,2,Dumbledore,Male,2021-12-27T00:00:00Z,80,1-2,1,2,R,Pease,"Quince, Sapphire",L,0
Social,2,Uno,Female,2021-12-27T00:00:00Z,80,1-2,1,2,R,Pease,"Quince, Sapphire",R,1
Social,2,Dartagnan,Male,2021-12-27T00:00:00Z,80,1-2,1,2,R,Pease,"Quince, Sapphire",R,1
Social,2,Fozzie,Male,2022-02-15T00:00:00Z,80,1-2,1,2,R,Pease,"Quince, Sapphire",R,1
Social,2,Mote,Male,2021-12-27T00:00:00Z,80,1-2,1,2,R,Pease,"Quince, Sapphire",R,1
Social,2,He-man,Male,2021-12-27T00:00:00Z,80,1-2,1,2,R,Pease,"Quince, Sapphire",R,1
Social,2,Dumbledore,Male,2021-12-28T00:00:00Z,81,1-3,1,3,R,Quince,"Hippolyta, Pease, Sapphire",R,1
Social,2,Uno,Female,2021-12-28T00:00:00Z,81,1-3,1,3,R,Quince,"Hippolyta, Pease, Sapphire",L,0
Social,2,Fozzie,Male,2022-02-15T00:00:00Z,81,1-3,1,3,R,Quince,"Hippolyta, Pease, Sapphire",L,0
Social,2,Mote,Male,2021-12-28T00:00:00Z,81,1-3,1,3,R,Quince,"Hippolyta, Pease, Sapphire",R,1
Social,2,Mork,Male,2021-12-28T00:00:00Z,81,1-3,1,3,R,Quince,"Hippolyta, Pease, Sapphire",R,1
Social,2,Prudence,Male,2021-12-28T00:00:00Z,81,1-3,1,3,R,Quince,"Hippolyta, Pease, Sapphire",L,0
Social,2,Mulder,Male,2021-12-28T00:00:00Z,81,1-3,1,3,R,Quince,"Hippolyta, Pease, Sapphire",L,0
Social,2,He-man,Male,2021-12-28T00:00:00Z,81,1-3,1,3,R,Quince,"Hippolyta, Pease, Sapphire",L,0
Social,2,Fern,Male,2021-12-28T00:00:00Z,81,1-3,1,3,R,Quince,"Hippolyta, Pease, Sapphire",R,1
Social,2,Dartagnan,Male,2021-12-28T00:00:00Z,81,1-3,1,3,R,Quince,"Hippolyta, Pease, Sapphire",L,0
Social,2,Mork,Male,2021-12-28T00:00:00Z,82,1-5,1,5,R,Hippolyta,"Quince, Pease, Cash, Egeus, Zappa",R,1
Social,2,Fern,Male,2021-12-28T00:00:00Z,82,1-5,1,5,R,Hippolyta,"Quince, Pease, Cash, Egeus, Zappa",L,0
Social,2,Uno,Female,2021-12-28T00:00:00Z,82,1-5,1,5,R,Hippolyta,"Quince, Pease, Cash, Egeus, Zappa",L,0
Social,2,Dartagnan,Male,2021-12-28T00:00:00Z,82,1-5,1,5,R,Hippolyta,"Quince, Pease, Cash, Egeus, Zappa",R,1
Social,2,He-man,Male,2021-12-28T00:00:00Z,82,1-5,1,5,R,Hippolyta,"Quince, Pease, Cash, Egeus, Zappa",R,1
Social,2,Mote,Male,2021-12-28T00:00:00Z,82,1-5,1,5,R,Hippolyta,"Quince, Pease, Cash, Egeus, Zappa",L,0
Social,2,Fozzie,Male,2022-02-15T00:00:00Z,82,1-5,1,5,R,Hippolyta,"Quince, Pease, Cash, Egeus, Zappa",L,0
Social,2,Prudence,Male,2021-12-28T00:00:00Z,82,1-5,1,5,R,Hippolyta,"Quince, Pease, Cash, Egeus, Zappa",L,0
Social,2,Mulder,Male,2021-12-28T00:00:00Z,82,1-5,1,5,R,Hippolyta,"Quince, Pease, Cash, Egeus, Zappa",L,0
Social,2,Dumbledore,Male,2021-12-28T00:00:00Z,82,1-5,1,5,R,Hippolyta,"Quince, Pease, Cash, Egeus, Zappa",R,1
Social,2,Uno,Female,2021-12-29T00:00:00Z,83,3-5,3,5,L,"Pease, Chicklet, Quince","Egeus, Cash, Sapphire, Hippolyta, Zappa",L,1
Social,2,Dartagnan,Male,2021-12-29T00:00:00Z,83,3-5,3,5,L,"Pease, Chicklet, Quince","Egeus, Cash, Sapphire, Hippolyta, Zappa",R,0
Social,2,Mote,Male,2021-12-29T00:00:00Z,83,3-5,3,5,L,"Pease, Chicklet, Quince","Egeus, Cash, Sapphire, Hippolyta, Zappa",R,0
Social,2,He-man,Male,2021-12-29T00:00:00Z,83,3-5,3,5,L,"Pease, Chicklet, Quince","Egeus, Cash, Sapphire, Hippolyta, Zappa",R,0
Social,2,Dumbledore,Male,2021-12-29T00:00:00Z,83,3-5,3,5,L,"Pease, Chicklet, Quince","Egeus, Cash, Sapphire, Hippolyta, Zappa",R,0
Social,2,Fern,Male,2021-12-29T00:00:00Z,83,3-5,3,5,L,"Pease, Chicklet, Quince","Egeus, Cash, Sapphire, Hippolyta, Zappa",L,1
Social,2,Fozzie,Male,2022-02-16T00:00:00Z,83,3-5,3,5,L,"Pease, Chicklet, Quince","Egeus, Cash, Sapphire, Hippolyta, Zappa",L,1
Social,2,Mork,Male,2021-12-29T00:00:00Z,83,3-5,3,5,L,"Pease, Chicklet, Quince","Egeus, Cash, Sapphire, Hippolyta, Zappa",L,1
Social,2,Mulder,Male,2021-12-29T00:00:00Z,83,3-5,3,5,L,"Pease, Chicklet, Quince","Egeus, Cash, Sapphire, Hippolyta, Zappa",R,0
Social,2,Prudence,Male,2021-12-29T00:00:00Z,83,3-5,3,5,L,"Pease, Chicklet, Quince","Egeus, Cash, Sapphire, Hippolyta, Zappa",L,1
Social,2,Uno,Female,2021-12-29T00:00:00Z,84,2-5,2,5,R,"Pease, Egeus","Sapphire, Hippolyta, Zappa, Cash, Quince",R,1
Social,2,He-man,Male,2021-12-29T00:00:00Z,84,2-5,2,5,R,"Pease, Egeus","Sapphire, Hippolyta, Zappa, Cash, Quince",R,1
Social,2,Fozzie,Male,2022-02-16T00:00:00Z,84,2-5,2,5,R,"Pease, Egeus","Sapphire, Hippolyta, Zappa, Cash, Quince",L,0
Social,2,Dumbledore,Male,2021-12-29T00:00:00Z,84,2-5,2,5,R,"Pease, Egeus","Sapphire, Hippolyta, Zappa, Cash, Quince",L,0
Social,2,Dartagnan,Male,2021-12-29T00:00:00Z,84,2-5,2,5,R,"Pease, Egeus","Sapphire, Hippolyta, Zappa, Cash, Quince",L,0
Social,2,Mulder,Male,2021-12-29T00:00:00Z,84,2-5,2,5,R,"Pease, Egeus","Sapphire, Hippolyta, Zappa, Cash, Quince",L,0
Social,2,Mork,Male,2021-12-29T00:00:00Z,84,2-5,2,5,R,"Pease, Egeus","Sapphire, Hippolyta, Zappa, Cash, Quince",R,1
Social,2,Prudence,Male,2021-12-29T00:00:00Z,84,2-5,2,5,R,"Pease, Egeus","Sapphire, Hippolyta, Zappa, Cash, Quince",L,0
Social,2,Mote,Male,2021-12-29T00:00:00Z,84,2-5,2,5,R,"Pease, Egeus","Sapphire, Hippolyta, Zappa, Cash, Quince",R,1
Social,2,Fern,Male,2021-12-29T00:00:00Z,84,2-5,2,5,R,"Pease, Egeus","Sapphire, Hippolyta, Zappa, Cash, Quince",R,1
Social,2,Mork,Male,2021-12-30T00:00:00Z,85,2-3,2,3,L,"Pease, Egeus","Hippolyta, Cash, Quince",L,1
Social,2,Fern,Male,2021-12-30T00:00:00Z,85,2-3,2,3,L,"Pease, Egeus","Hippolyta, Cash, Quince",R,0
Social,2,Prudence,Male,2021-12-30T00:00:00Z,85,2-3,2,3,L,"Pease, Egeus","Hippolyta, Cash, Quince",L,1
Social,2,Mote,Male,2021-12-30T00:00:00Z,85,2-3,2,3,L,"Pease, Egeus","Hippolyta, Cash, Quince",L,1
Social,2,He-man,Male,2021-12-30T00:00:00Z,85,2-3,2,3,L,"Pease, Egeus","Hippolyta, Cash, Quince",R,0
Social,2,Mulder,Male,2021-12-30T00:00:00Z,85,2-3,2,3,L,"Pease, Egeus","Hippolyta, Cash, Quince",R,0
Social,2,Dumbledore,Male,2021-12-30T00:00:00Z,85,2-3,2,3,L,"Pease, Egeus","Hippolyta, Cash, Quince",L,1
Social,2,Dartagnan,Male,2021-12-30T00:00:00Z,85,2-3,2,3,L,"Pease, Egeus","Hippolyta, Cash, Quince",L,1
Social,2,Fozzie,Male,2021-12-30T00:00:00Z,85,2-3,2,3,L,"Pease, Egeus","Hippolyta, Cash, Quince",R,0
Social,2,Uno,Female,2021-12-30T00:00:00Z,85,2-3,2,3,L,"Pease, Egeus","Hippolyta, Cash, Quince",L,1
Social,2,Mote,Male,2021-12-31T00:00:00Z,86,0-6,0,6,L,0,"Hippolyta, Pease, Quince, Cash, Egeus, Chicklet",R,0
Social,2,Mork,Male,2021-12-31T00:00:00Z,86,0-6,0,6,L,0,"Hippolyta, Pease, Quince, Cash, Egeus, Chicklet",R,0
Social,2,Uno,Female,2021-12-31T00:00:00Z,86,0-6,0,6,L,0,"Hippolyta, Pease, Quince, Cash, Egeus, Chicklet",R,0
Social,2,Prudence,Male,2021-12-31T00:00:00Z,86,0-6,0,6,L,0,"Hippolyta, Pease, Quince, Cash, Egeus, Chicklet",R,0
Social,2,Fozzie,Male,2022-02-17T00:00:00Z,86,0-6,0,6,L,0,"Hippolyta, Pease, Quince, Cash, Egeus, Chicklet",R,0
Social,2,Dumbledore,Male,2021-12-31T00:00:00Z,86,0-6,0,6,L,0,"Hippolyta, Pease, Quince, Cash, Egeus, Chicklet",L,1
Social,2,Dartagnan,Male,2021-12-31T00:00:00Z,86,0-6,0,6,L,0,"Hippolyta, Pease, Quince, Cash, Egeus, Chicklet",L,1
Social,2,He-man,Male,2021-12-31T00:00:00Z,86,0-6,0,6,L,0,"Hippolyta, Pease, Quince, Cash, Egeus, Chicklet",L,1
Social,2,Fern,Male,2021-12-31T00:00:00Z,86,0-6,0,6,L,0,"Hippolyta, Pease, Quince, Cash, Egeus, Chicklet",R,0
Social,2,Mulder,Male,2021-12-31T00:00:00Z,86,0-6,0,6,L,0,"Hippolyta, Pease, Quince, Cash, Egeus, Chicklet",L,1
Social,2,Mork,Male,2021-12-31T00:00:00Z,87,2-6,2,6,L,"Zappa, Cash","Egeus, Chicklet, Quince, Hippolyta, Sapphire, Pease",R,0
Social,2,He-man,Male,2021-12-31T00:00:00Z,87,2-6,2,6,L,"Zappa, Cash","Egeus, Chicklet, Quince, Hippolyta, Sapphire, Pease",R,0
Social,2,Dartagnan,Male,2021-12-31T00:00:00Z,87,2-6,2,6,L,"Zappa, Cash","Egeus, Chicklet, Quince, Hippolyta, Sapphire, Pease",L,1
Social,2,Dumbledore,Male,2021-12-31T00:00:00Z,87,2-6,2,6,L,"Zappa, Cash","Egeus, Chicklet, Quince, Hippolyta, Sapphire, Pease",L,1
Social,2,Mulder,Male,2021-12-31T00:00:00Z,87,2-6,2,6,L,"Zappa, Cash","Egeus, Chicklet, Quince, Hippolyta, Sapphire, Pease",R,0
Social,2,Mote,Male,2021-12-31T00:00:00Z,87,2-6,2,6,L,"Zappa, Cash","Egeus, Chicklet, Quince, Hippolyta, Sapphire, Pease",R,0
Social,2,Uno,Female,2021-12-31T00:00:00Z,87,2-6,2,6,L,"Zappa, Cash","Egeus, Chicklet, Quince, Hippolyta, Sapphire, Pease",L,1
Social,2,Fozzie,Male,2022-02-17T00:00:00Z,87,2-6,2,6,L,"Zappa, Cash","Egeus, Chicklet, Quince, Hippolyta, Sapphire, Pease",R,0
Social,2,Prudence,Male,2021-12-31T00:00:00Z,87,2-6,2,6,L,"Zappa, Cash","Egeus, Chicklet, Quince, Hippolyta, Sapphire, Pease",L,1
Social,2,Fern,Male,2021-12-31T00:00:00Z,87,2-6,2,6,L,"Zappa, Cash","Egeus, Chicklet, Quince, Hippolyta, Sapphire, Pease",L,1
Social,2,Mork,Male,2022-01-03T00:00:00Z,88,1-6,1,6,R,Zappa,"Hippolyta, Sapphire, Pease, Quince, Egeus, Cash",R,1
Social,2,Mulder,Male,2022-01-03T00:00:00Z,88,1-6,1,6,R,Zappa,"Hippolyta, Sapphire, Pease, Quince, Egeus, Cash",L,0
Social,2,Fozzie,Male,2022-02-17T00:00:00Z,88,1-6,1,6,R,Zappa,"Hippolyta, Sapphire, Pease, Quince, Egeus, Cash",L,0
Social,2,Dartagnan,Male,2022-01-03T00:00:00Z,88,1-6,1,6,R,Zappa,"Hippolyta, Sapphire, Pease, Quince, Egeus, Cash",L,0
Social,2,Dumbledore,Male,2022-01-03T00:00:00Z,88,1-6,1,6,R,Zappa,"Hippolyta, Sapphire, Pease, Quince, Egeus, Cash",R,1
Social,2,Prudence,Male,2022-01-03T00:00:00Z,88,1-6,1,6,R,Zappa,"Hippolyta, Sapphire, Pease, Quince, Egeus, Cash",R,1
Social,2,Fern,Male,2022-01-03T00:00:00Z,88,1-6,1,6,R,Zappa,"Hippolyta, Sapphire, Pease, Quince, Egeus, Cash",R,1
Social,2,Mote,Male,2022-01-03T00:00:00Z,88,1-6,1,6,R,Zappa,"Hippolyta, Sapphire, Pease, Quince, Egeus, Cash",L,0
Social,2,He-man,Male,2022-01-03T00:00:00Z,88,1-6,1,6,R,Zappa,"Hippolyta, Sapphire, Pease, Quince, Egeus, Cash",R,1
Social,2,Uno,Female,2022-01-03T00:00:00Z,88,1-6,1,6,R,Zappa,"Hippolyta, Sapphire, Pease, Quince, Egeus, Cash",L,0
Social,2,Mork,Male,2022-01-03T00:00:00Z,89,1-4,1,4,L,Zappa,"Egeus, Quince, Chicklet, Hippolyta",R,0
Social,2,Mote,Male,2022-01-03T00:00:00Z,89,1-4,1,4,L,Zappa,"Egeus, Quince, Chicklet, Hippolyta",R,0
Social,2,Uno,Female,2022-01-03T00:00:00Z,89,1-4,1,4,L,Zappa,"Egeus, Quince, Chicklet, Hippolyta",L,1
Social,2,Dumbledore,Male,2022-01-03T00:00:00Z,89,1-4,1,4,L,Zappa,"Egeus, Quince, Chicklet, Hippolyta",L,1
Social,2,Mulder,Male,2022-01-03T00:00:00Z,89,1-4,1,4,L,Zappa,"Egeus, Quince, Chicklet, Hippolyta",L,1
Social,2,Dartagnan,Male,2022-01-03T00:00:00Z,89,1-4,1,4,L,Zappa,"Egeus, Quince, Chicklet, Hippolyta",L,1
Social,2,Fern,Male,2022-01-03T00:00:00Z,89,1-4,1,4,L,Zappa,"Egeus, Quince, Chicklet, Hippolyta",L,1
Social,2,He-man,Male,2022-01-03T00:00:00Z,89,1-4,1,4,L,Zappa,"Egeus, Quince, Chicklet, Hippolyta",R,0
Social,2,Prudence,Male,2022-01-03T00:00:00Z,89,1-4,1,4,L,Zappa,"Egeus, Quince, Chicklet, Hippolyta",L,1
Social,2,Fozzie,Male,2022-02-18T00:00:00Z,89,1-4,1,4,L,Zappa,"Egeus, Quince, Chicklet, Hippolyta",L,1
Social,2,Prudence,Male,2022-01-04T00:00:00Z,90,2-4,2,4,L,"Cash, Hippolyta","Sapphire, Egeus, Pease, Quince",L,1
Social,2,Fern,Male,2022-01-04T00:00:00Z,90,2-4,2,4,L,"Cash, Hippolyta","Sapphire, Egeus, Pease, Quince",R,0
Social,2,Mulder,Male,2022-01-04T00:00:00Z,90,2-4,2,4,L,"Cash, Hippolyta","Sapphire, Egeus, Pease, Quince",L,1
Social,2,Mork,Male,2022-01-04T00:00:00Z,90,2-4,2,4,L,"Cash, Hippolyta","Sapphire, Egeus, Pease, Quince",R,0
Social,2,Dumbledore,Male,2022-01-04T00:00:00Z,90,2-4,2,4,L,"Cash, Hippolyta","Sapphire, Egeus, Pease, Quince",L,1
Social,2,Uno,Female,2022-01-04T00:00:00Z,90,2-4,2,4,L,"Cash, Hippolyta","Sapphire, Egeus, Pease, Quince",R,0
Social,2,Dartagnan,Male,2022-01-04T00:00:00Z,90,2-4,2,4,L,"Cash, Hippolyta","Sapphire, Egeus, Pease, Quince",L,1
Social,2,Fozzie,Male,2022-02-18T00:00:00Z,90,2-4,2,4,L,"Cash, Hippolyta","Sapphire, Egeus, Pease, Quince",L,1
Social,2,Mote,Male,2022-01-04T00:00:00Z,90,2-4,2,4,L,"Cash, Hippolyta","Sapphire, Egeus, Pease, Quince",R,0
Social,2,He-man,Male,2022-01-04T00:00:00Z,90,2-4,2,4,L,"Cash, Hippolyta","Sapphire, Egeus, Pease, Quince",R,0
Social,2,Dumbledore,Male,2022-01-04T00:00:00Z,91,1-2,1,2,L,Zappa,"Sapphire, Pease",R,0
Social,2,Uno,Female,2022-01-04T00:00:00Z,91,1-2,1,2,L,Zappa,"Sapphire, Pease",L,1
Social,2,Fozzie,Male,2022-02-21T00:00:00Z,91,1-2,1,2,L,Zappa,"Sapphire, Pease",L,1
Social,2,Mote,Male,2022-01-04T00:00:00Z,91,1-2,1,2,L,Zappa,"Sapphire, Pease",L,1
Social,2,Mork,Male,2022-01-04T00:00:00Z,91,1-2,1,2,L,Zappa,"Sapphire, Pease",R,0
Social,2,Prudence,Male,2022-01-04T00:00:00Z,91,1-2,1,2,L,Zappa,"Sapphire, Pease",L,1
Social,2,Mulder,Male,2022-01-04T00:00:00Z,91,1-2,1,2,L,Zappa,"Sapphire, Pease",L,1
Social,2,He-man,Male,2022-01-04T00:00:00Z,91,1-2,1,2,L,Zappa,"Sapphire, Pease",R,0
Social,2,Fern,Male,2022-01-04T00:00:00Z,91,1-2,1,2,L,Zappa,"Sapphire, Pease",R,0
Social,2,Dartagnan,Male,2022-01-04T00:00:00Z,91,1-2,1,2,L,Zappa,"Sapphire, Pease",L,1
Social,2,Mork,Male,2022-01-05T00:00:00Z,92,1-5,1,5,R,Sapphire,"Chicklet, Egeus, Hippolyta, Pease, Quince",R,1
Social,2,Fern,Male,2022-01-05T00:00:00Z,92,1-5,1,5,R,Sapphire,"Chicklet, Egeus, Hippolyta, Pease, Quince",L,0
Social,2,Uno,Female,2022-01-05T00:00:00Z,92,1-5,1,5,R,Sapphire,"Chicklet, Egeus, Hippolyta, Pease, Quince",L,0
Social,2,Dartagnan,Male,2022-01-05T00:00:00Z,92,1-5,1,5,R,Sapphire,"Chicklet, Egeus, Hippolyta, Pease, Quince",L,0
Social,2,He-man,Male,2022-01-05T00:00:00Z,92,1-5,1,5,R,Sapphire,"Chicklet, Egeus, Hippolyta, Pease, Quince",L,0
Social,2,Mote,Male,2022-01-05T00:00:00Z,92,1-5,1,5,R,Sapphire,"Chicklet, Egeus, Hippolyta, Pease, Quince",L,0
Social,2,Fozzie,Male,2022-02-21T00:00:00Z,92,1-5,1,5,R,Sapphire,"Chicklet, Egeus, Hippolyta, Pease, Quince",R,1
Social,2,Prudence,Male,2022-01-05T00:00:00Z,92,1-5,1,5,R,Sapphire,"Chicklet, Egeus, Hippolyta, Pease, Quince",L,0
Social,2,Mulder,Male,2022-01-05T00:00:00Z,92,1-5,1,5,R,Sapphire,"Chicklet, Egeus, Hippolyta, Pease, Quince",L,0
Social,2,Dumbledore,Male,2022-01-05T00:00:00Z,92,1-5,1,5,R,Sapphire,"Chicklet, Egeus, Hippolyta, Pease, Quince",NA,NA
Social,2,Uno,Female,2022-01-05T00:00:00Z,93,3-5,3,5,R,"Chicklet, Egeus, Zappa","Quince, Sapphire, Pease, Hippolyta, Cash",L,0
Social,2,Dartagnan,Male,2022-01-05T00:00:00Z,93,3-5,3,5,R,"Chicklet, Egeus, Zappa","Quince, Sapphire, Pease, Hippolyta, Cash",L,0
Social,2,Mote,Male,2022-01-05T00:00:00Z,93,3-5,3,5,R,"Chicklet, Egeus, Zappa","Quince, Sapphire, Pease, Hippolyta, Cash",R,1
Social,2,He-man,Male,2022-01-05T00:00:00Z,93,3-5,3,5,R,"Chicklet, Egeus, Zappa","Quince, Sapphire, Pease, Hippolyta, Cash",L,0
Social,2,Dumbledore,Male,2022-01-05T00:00:00Z,93,3-5,3,5,R,"Chicklet, Egeus, Zappa","Quince, Sapphire, Pease, Hippolyta, Cash",L,0
Social,2,Fern,Male,2022-01-05T00:00:00Z,93,3-5,3,5,R,"Chicklet, Egeus, Zappa","Quince, Sapphire, Pease, Hippolyta, Cash",R,1
Social,2,Fozzie,Male,2022-02-22T00:00:00Z,93,3-5,3,5,R,"Chicklet, Egeus, Zappa","Quince, Sapphire, Pease, Hippolyta, Cash",L,0
Social,2,Mork,Male,2022-01-05T00:00:00Z,93,3-5,3,5,R,"Chicklet, Egeus, Zappa","Quince, Sapphire, Pease, Hippolyta, Cash",R,1
Social,2,Mulder,Male,2022-01-05T00:00:00Z,93,3-5,3,5,R,"Chicklet, Egeus, Zappa","Quince, Sapphire, Pease, Hippolyta, Cash",L,0
Social,2,Prudence,Male,2022-01-05T00:00:00Z,93,3-5,3,5,R,"Chicklet, Egeus, Zappa","Quince, Sapphire, Pease, Hippolyta, Cash",L,0
Social,2,Uno,Female,2022-01-06T00:00:00Z,94,1-3,1,3,R,Egeus,"Chicklet, Hippolyta, Quince",L,0
Social,2,He-man,Male,2022-01-06T00:00:00Z,94,1-3,1,3,R,Egeus,"Chicklet, Hippolyta, Quince",R,1
Social,2,Fozzie,Male,2022-02-22T00:00:00Z,94,1-3,1,3,R,Egeus,"Chicklet, Hippolyta, Quince",R,1
Social,2,Dumbledore,Male,2022-01-06T00:00:00Z,94,1-3,1,3,R,Egeus,"Chicklet, Hippolyta, Quince",L,0
Social,2,Dartagnan,Male,2022-01-06T00:00:00Z,94,1-3,1,3,R,Egeus,"Chicklet, Hippolyta, Quince",R,1
Social,2,Mulder,Male,2022-01-06T00:00:00Z,94,1-3,1,3,R,Egeus,"Chicklet, Hippolyta, Quince",L,0
Social,2,Mork,Male,2022-01-06T00:00:00Z,94,1-3,1,3,R,Egeus,"Chicklet, Hippolyta, Quince",R,1
Social,2,Prudence,Male,2022-01-06T00:00:00Z,94,1-3,1,3,R,Egeus,"Chicklet, Hippolyta, Quince",L,0
Social,2,Mote,Male,2022-01-06T00:00:00Z,94,1-3,1,3,R,Egeus,"Chicklet, Hippolyta, Quince",L,0
Social,2,Fern,Male,2022-01-06T00:00:00Z,94,1-3,1,3,R,Egeus,"Chicklet, Hippolyta, Quince",R,1
Social,2,Mork,Male,2022-01-06T00:00:00Z,95,2-5,2,5,L,"Sapphire, Egeus","Pease, Cash, Quince, Zappa, Chicklet",R,0
Social,2,Fern,Male,2022-01-06T00:00:00Z,95,2-5,2,5,L,"Sapphire, Egeus","Pease, Cash, Quince, Zappa, Chicklet",L,1
Social,2,Prudence,Male,2022-01-06T00:00:00Z,95,2-5,2,5,L,"Sapphire, Egeus","Pease, Cash, Quince, Zappa, Chicklet",L,1
Social,2,Mote,Male,2022-01-06T00:00:00Z,95,2-5,2,5,L,"Sapphire, Egeus","Pease, Cash, Quince, Zappa, Chicklet",L,1
Social,2,He-man,Male,2022-01-06T00:00:00Z,95,2-5,2,5,L,"Sapphire, Egeus","Pease, Cash, Quince, Zappa, Chicklet",R,0
Social,2,Mulder,Male,2022-01-06T00:00:00Z,95,2-5,2,5,L,"Sapphire, Egeus","Pease, Cash, Quince, Zappa, Chicklet",L,1
Social,2,Dumbledore,Male,2022-01-06T00:00:00Z,95,2-5,2,5,L,"Sapphire, Egeus","Pease, Cash, Quince, Zappa, Chicklet",R,0
Social,2,Dartagnan,Male,2022-01-06T00:00:00Z,95,2-5,2,5,L,"Sapphire, Egeus","Pease, Cash, Quince, Zappa, Chicklet",L,1
Social,2,Fozzie,Male,2022-01-06T06:00:00Z,95,2-5,2,5,L,"Sapphire, Egeus","Pease, Cash, Quince, Zappa, Chicklet",L,1
Social,2,Uno,Female,2022-01-06T00:00:00Z,95,2-5,2,5,L,"Sapphire, Egeus","Pease, Cash, Quince, Zappa, Chicklet",L,1
Social,2,Mote,Male,2022-01-07T00:00:00Z,96,3-4,3,4,R,"Pease, Chicklet, Hippolyta","Egeus, Sapphire, Zappa, Quince",R,1
Social,2,Mork,Male,2022-01-07T00:00:00Z,96,3-4,3,4,R,"Pease, Chicklet, Hippolyta","Egeus, Sapphire, Zappa, Quince",R,1
Social,2,Uno,Female,2022-01-07T00:00:00Z,96,3-4,3,4,R,"Pease, Chicklet, Hippolyta","Egeus, Sapphire, Zappa, Quince",L,0
Social,2,Prudence,Male,2022-01-07T00:00:00Z,96,3-4,3,4,R,"Pease, Chicklet, Hippolyta","Egeus, Sapphire, Zappa, Quince",R,1
Social,2,Fozzie,Male,2022-02-23T00:00:00Z,96,3-4,3,4,R,"Pease, Chicklet, Hippolyta","Egeus, Sapphire, Zappa, Quince",L,0
Social,2,Dumbledore,Male,2022-01-07T00:00:00Z,96,3-4,3,4,R,"Pease, Chicklet, Hippolyta","Egeus, Sapphire, Zappa, Quince",L,0
Social,2,Dartagnan,Male,2022-01-07T00:00:00Z,96,3-4,3,4,R,"Pease, Chicklet, Hippolyta","Egeus, Sapphire, Zappa, Quince",L,0
Social,2,He-man,Male,2022-01-07T00:00:00Z,96,3-4,3,4,R,"Pease, Chicklet, Hippolyta","Egeus, Sapphire, Zappa, Quince",L,0
Social,2,Fern,Male,2022-01-07T00:00:00Z,96,3-4,3,4,R,"Pease, Chicklet, Hippolyta","Egeus, Sapphire, Zappa, Quince",R,1
Social,2,Mulder,Male,2022-01-07T00:00:00Z,96,3-4,3,4,R,"Pease, Chicklet, Hippolyta","Egeus, Sapphire, Zappa, Quince",L,0
Social,2,Mork,Male,2022-01-07T00:00:00Z,97,2-6,2,6,R,"Zappa, Pease","Sapphire, Hippolyta, Egeus, Cash, Quince, Chicklet",R,1
Social,2,He-man,Male,2022-01-07T00:00:00Z,97,2-6,2,6,R,"Zappa, Pease","Sapphire, Hippolyta, Egeus, Cash, Quince, Chicklet",R,1
Social,2,Dartagnan,Male,2022-01-07T00:00:00Z,97,2-6,2,6,R,"Zappa, Pease","Sapphire, Hippolyta, Egeus, Cash, Quince, Chicklet",R,1
Social,2,Dumbledore,Male,2022-01-07T00:00:00Z,97,2-6,2,6,R,"Zappa, Pease","Sapphire, Hippolyta, Egeus, Cash, Quince, Chicklet",L,0
Social,2,Mulder,Male,2022-01-07T00:00:00Z,97,2-6,2,6,R,"Zappa, Pease","Sapphire, Hippolyta, Egeus, Cash, Quince, Chicklet",L,0
Social,2,Mote,Male,2022-01-07T00:00:00Z,97,2-6,2,6,R,"Zappa, Pease","Sapphire, Hippolyta, Egeus, Cash, Quince, Chicklet",L,0
Social,2,Uno,Female,2022-01-07T00:00:00Z,97,2-6,2,6,R,"Zappa, Pease","Sapphire, Hippolyta, Egeus, Cash, Quince, Chicklet",L,0
Social,2,Fozzie,Male,2022-02-23T00:00:00Z,97,2-6,2,6,R,"Zappa, Pease","Sapphire, Hippolyta, Egeus, Cash, Quince, Chicklet",L,0
Social,2,Prudence,Male,2022-01-07T00:00:00Z,97,2-6,2,6,R,"Zappa, Pease","Sapphire, Hippolyta, Egeus, Cash, Quince, Chicklet",L,0
Social,2,Fern,Male,2022-01-07T00:00:00Z,97,2-6,2,6,R,"Zappa, Pease","Sapphire, Hippolyta, Egeus, Cash, Quince, Chicklet",R,1
Social,2,Mork,Male,2022-01-10T00:00:00Z,98,2-5,2,5,L,"Quince, Egeus","Cash, Hippolyta, Sapphire, Chicklet, Zappa",L,1
Social,2,Mulder,Male,2022-01-10T00:00:00Z,98,2-5,2,5,L,"Quince, Egeus","Cash, Hippolyta, Sapphire, Chicklet, Zappa",L,1
Social,2,Fozzie,Male,2022-02-23T00:00:00Z,98,2-5,2,5,L,"Quince, Egeus","Cash, Hippolyta, Sapphire, Chicklet, Zappa",L,1
Social,2,Dartagnan,Male,2022-01-10T00:00:00Z,98,2-5,2,5,L,"Quince, Egeus","Cash, Hippolyta, Sapphire, Chicklet, Zappa",L,1
Social,2,Dumbledore,Male,2022-01-10T00:00:00Z,98,2-5,2,5,L,"Quince, Egeus","Cash, Hippolyta, Sapphire, Chicklet, Zappa",L,1
Social,2,Prudence,Male,2022-01-10T00:00:00Z,98,2-5,2,5,L,"Quince, Egeus","Cash, Hippolyta, Sapphire, Chicklet, Zappa",L,1
Social,2,Fern,Male,2022-01-10T00:00:00Z,98,2-5,2,5,L,"Quince, Egeus","Cash, Hippolyta, Sapphire, Chicklet, Zappa",L,1
Social,2,Mote,Male,2022-01-10T00:00:00Z,98,2-5,2,5,L,"Quince, Egeus","Cash, Hippolyta, Sapphire, Chicklet, Zappa",L,1
Social,2,He-man,Male,2022-01-10T00:00:00Z,98,2-5,2,5,L,"Quince, Egeus","Cash, Hippolyta, Sapphire, Chicklet, Zappa",L,1
Social,2,Uno,Female,2022-01-10T00:00:00Z,98,2-5,2,5,L,"Quince, Egeus","Cash, Hippolyta, Sapphire, Chicklet, Zappa",L,1
Social,2,Mork,Male,2022-01-10T00:00:00Z,99,1-5,1,5,L,Egeus,"Pease, Sapphire, Cash, Hippolyta, Quince",L,1
Social,2,Mote,Male,2022-01-10T00:00:00Z,99,1-5,1,5,L,Egeus,"Pease, Sapphire, Cash, Hippolyta, Quince",L,1
Social,2,Uno,Female,2022-01-10T00:00:00Z,99,1-5,1,5,L,Egeus,"Pease, Sapphire, Cash, Hippolyta, Quince",L,1
Social,2,Dumbledore,Male,2022-01-10T00:00:00Z,99,1-5,1,5,L,Egeus,"Pease, Sapphire, Cash, Hippolyta, Quince",L,1
Social,2,Mulder,Male,2022-01-10T00:00:00Z,99,1-5,1,5,L,Egeus,"Pease, Sapphire, Cash, Hippolyta, Quince",L,1
Social,2,Dartagnan,Male,2022-01-10T00:00:00Z,99,1-5,1,5,L,Egeus,"Pease, Sapphire, Cash, Hippolyta, Quince",L,1
Social,2,Fern,Male,2022-01-10T00:00:00Z,99,1-5,1,5,L,Egeus,"Pease, Sapphire, Cash, Hippolyta, Quince",L,1
Social,2,He-man,Male,2022-01-10T00:00:00Z,99,1-5,1,5,L,Egeus,"Pease, Sapphire, Cash, Hippolyta, Quince",L,1
Social,2,Prudence,Male,2022-01-10T00:00:00Z,99,1-5,1,5,L,Egeus,"Pease, Sapphire, Cash, Hippolyta, Quince",L,1
Social,2,Fozzie,Male,2022-01-10T00:00:00Z,99,1-5,1,5,L,Egeus,"Pease, Sapphire, Cash, Hippolyta, Quince",L,1
Social,2,Prudence,Male,2022-01-11T00:00:00Z,100,2-3,2,3,R,"Sapphire, Cash","Chicklet, Hippolyta, Egeus",L,0
Social,2,Fern,Male,2022-01-11T00:00:00Z,100,2-3,2,3,R,"Sapphire, Cash","Chicklet, Hippolyta, Egeus",R,1
Social,2,Mulder,Male,2022-01-11T00:00:00Z,100,2-3,2,3,R,"Sapphire, Cash","Chicklet, Hippolyta, Egeus",L,0
Social,2,Mork,Male,2022-01-11T00:00:00Z,100,2-3,2,3,R,"Sapphire, Cash","Chicklet, Hippolyta, Egeus",R,1
Social,2,Dumbledore,Male,2022-01-11T00:00:00Z,100,2-3,2,3,R,"Sapphire, Cash","Chicklet, Hippolyta, Egeus",R,1
Social,2,Uno,Female,2022-01-11T00:00:00Z,100,2-3,2,3,R,"Sapphire, Cash","Chicklet, Hippolyta, Egeus",L,0
Social,2,Dartagnan,Male,2022-01-11T00:00:00Z,100,2-3,2,3,R,"Sapphire, Cash","Chicklet, Hippolyta, Egeus",R,1
Social,2,Fozzie,Male,2022-01-11T00:00:00Z,100,2-3,2,3,R,"Sapphire, Cash","Chicklet, Hippolyta, Egeus",L,0
Social,2,Mote,Male,2022-01-11T00:00:00Z,100,2-3,2,3,R,"Sapphire, Cash","Chicklet, Hippolyta, Egeus",L,0
Social,2,He-man,Male,2022-01-11T00:00:00Z,100,2-3,2,3,R,"Sapphire, Cash","Chicklet, Hippolyta, Egeus",L,0
Social,2,Dumbledore,Male,2022-01-11T00:00:00Z,101,1-6,1,6,L,Sapphire,"Zappa, Hippolyta, Chicklet, Egeus, Quince, Cash",R,0
Social,2,Uno,Female,2022-01-11T00:00:00Z,101,1-6,1,6,L,Sapphire,"Zappa, Hippolyta, Chicklet, Egeus, Quince, Cash",L,1
Social,2,Fozzie,Male,2022-01-11T00:00:00Z,101,1-6,1,6,L,Sapphire,"Zappa, Hippolyta, Chicklet, Egeus, Quince, Cash",L,1
Social,2,Mote,Male,2022-01-11T00:00:00Z,101,1-6,1,6,L,Sapphire,"Zappa, Hippolyta, Chicklet, Egeus, Quince, Cash",R,0
Social,2,Mork,Male,2022-01-11T00:00:00Z,101,1-6,1,6,L,Sapphire,"Zappa, Hippolyta, Chicklet, Egeus, Quince, Cash",L,1
Social,2,Prudence,Male,2022-01-11T00:00:00Z,101,1-6,1,6,L,Sapphire,"Zappa, Hippolyta, Chicklet, Egeus, Quince, Cash",R,0
Social,2,Mulder,Male,2022-01-11T00:00:00Z,101,1-6,1,6,L,Sapphire,"Zappa, Hippolyta, Chicklet, Egeus, Quince, Cash",L,1
Social,2,He-man,Male,2022-01-11T00:00:00Z,101,1-6,1,6,L,Sapphire,"Zappa, Hippolyta, Chicklet, Egeus, Quince, Cash",R,0
Social,2,Fern,Male,2022-01-11T00:00:00Z,101,1-6,1,6,L,Sapphire,"Zappa, Hippolyta, Chicklet, Egeus, Quince, Cash",L,1
Social,2,Dartagnan,Male,2022-01-11T00:00:00Z,101,1-6,1,6,L,Sapphire,"Zappa, Hippolyta, Chicklet, Egeus, Quince, Cash",L,1
Social,2,Mork,Male,2022-01-12T00:00:00Z,102,1-2,1,2,R,Cash,"Pease, Chicklet",R,1
Social,2,Fern,Male,2022-01-12T00:00:00Z,102,1-2,1,2,R,Cash,"Pease, Chicklet",L,0
Social,2,Uno,Female,2022-01-12T00:00:00Z,102,1-2,1,2,R,Cash,"Pease, Chicklet",L,0
Social,2,Dartagnan,Male,2022-01-12T00:00:00Z,102,1-2,1,2,R,Cash,"Pease, Chicklet",L,0
Social,2,He-man,Male,2022-01-12T00:00:00Z,102,1-2,1,2,R,Cash,"Pease, Chicklet",L,0
Social,2,Mote,Male,2022-01-12T00:00:00Z,102,1-2,1,2,R,Cash,"Pease, Chicklet",L,0
Social,2,Fozzie,Male,2022-01-12T00:00:00Z,102,1-2,1,2,R,Cash,"Pease, Chicklet",L,0
Social,2,Prudence,Male,2022-01-12T00:00:00Z,102,1-2,1,2,R,Cash,"Pease, Chicklet",L,0
Social,2,Mulder,Male,2022-01-12T00:00:00Z,102,1-2,1,2,R,Cash,"Pease, Chicklet",L,0
Social,2,Dumbledore,Male,2022-01-12T00:00:00Z,102,1-2,1,2,R,Cash,"Pease, Chicklet",R,1
Social,2,Uno,Female,2022-01-13T00:00:00Z,103,2-4,2,4,R,"Zappa, Hippolyta","Cash, Sapphire, Pease, Chicklet",R,1
Social,2,Dartagnan,Male,2022-01-13T00:00:00Z,103,2-4,2,4,R,"Zappa, Hippolyta","Cash, Sapphire, Pease, Chicklet",R,1
Social,2,Mote,Male,2022-01-13T00:00:00Z,103,2-4,2,4,R,"Zappa, Hippolyta","Cash, Sapphire, Pease, Chicklet",L,0
Social,2,He-man,Male,2022-01-13T00:00:00Z,103,2-4,2,4,R,"Zappa, Hippolyta","Cash, Sapphire, Pease, Chicklet",R,1
Social,2,Dumbledore,Male,2022-01-13T00:00:00Z,103,2-4,2,4,R,"Zappa, Hippolyta","Cash, Sapphire, Pease, Chicklet",L,0
Social,2,Fern,Male,2022-01-13T00:00:00Z,103,2-4,2,4,R,"Zappa, Hippolyta","Cash, Sapphire, Pease, Chicklet",L,0
Social,2,Fozzie,Male,2022-01-13T00:00:00Z,103,2-4,2,4,R,"Zappa, Hippolyta","Cash, Sapphire, Pease, Chicklet",R,1
Social,2,Mork,Male,2022-01-13T00:00:00Z,103,2-4,2,4,R,"Zappa, Hippolyta","Cash, Sapphire, Pease, Chicklet",L,0
Social,2,Mulder,Male,2022-01-13T00:00:00Z,103,2-4,2,4,R,"Zappa, Hippolyta","Cash, Sapphire, Pease, Chicklet",L,0
Social,2,Prudence,Male,2022-01-13T00:00:00Z,103,2-4,2,4,R,"Zappa, Hippolyta","Cash, Sapphire, Pease, Chicklet",L,0
Social,2,Uno,Female,2022-01-24T00:00:00Z,104,0-6,0,6,R,Sapphire,"Sapphire, Egeus, Pease, Quince, Cash, Zappa",L,0
Social,2,He-man,Male,2022-01-24T00:00:00Z,104,0-6,0,6,R,Sapphire,"Sapphire, Egeus, Pease, Quince, Cash, Zappa",R,1
Social,2,Fozzie,Male,2022-01-24T00:00:00Z,104,0-6,0,6,R,Sapphire,"Sapphire, Egeus, Pease, Quince, Cash, Zappa",R,1
Social,2,Dumbledore,Male,2022-01-24T00:00:00Z,104,0-6,0,6,R,Sapphire,"Sapphire, Egeus, Pease, Quince, Cash, Zappa",L,0
Social,2,Dartagnan,Male,2022-01-24T00:00:00Z,104,0-6,0,6,R,Sapphire,"Sapphire, Egeus, Pease, Quince, Cash, Zappa",R,1
Social,2,Mulder,Male,2022-01-24T00:00:00Z,104,0-6,0,6,R,Sapphire,"Sapphire, Egeus, Pease, Quince, Cash, Zappa",L,0
Social,2,Mork,Male,2022-01-24T00:00:00Z,104,0-6,0,6,R,Sapphire,"Sapphire, Egeus, Pease, Quince, Cash, Zappa",R,1
Social,2,Prudence,Male,2022-01-24T00:00:00Z,104,0-6,0,6,R,Sapphire,"Sapphire, Egeus, Pease, Quince, Cash, Zappa",L,0
Social,2,Mote,Male,2022-01-24T00:00:00Z,104,0-6,0,6,R,Sapphire,"Sapphire, Egeus, Pease, Quince, Cash, Zappa",R,1
Social,2,Fern,Male,2022-01-24T00:00:00Z,104,0-6,0,6,R,Sapphire,"Sapphire, Egeus, Pease, Quince, Cash, Zappa",L,0
Social,2,Mork,Male,2022-01-25T00:00:00Z,105,3-5,3,5,L,"Sapphire, Chicklet, Cash","Zappa, Quince, Pease, Egeus, Hippolyta",R,0
Social,2,Fern,Male,2022-01-25T00:00:00Z,105,3-5,3,5,L,"Sapphire, Chicklet, Cash","Zappa, Quince, Pease, Egeus, Hippolyta",R,0
Social,2,Prudence,Male,2022-01-25T00:00:00Z,105,3-5,3,5,L,"Sapphire, Chicklet, Cash","Zappa, Quince, Pease, Egeus, Hippolyta",L,1
Social,2,Mote,Male,2022-01-25T00:00:00Z,105,3-5,3,5,L,"Sapphire, Chicklet, Cash","Zappa, Quince, Pease, Egeus, Hippolyta",R,0
Social,2,He-man,Male,2022-01-25T00:00:00Z,105,3-5,3,5,L,"Sapphire, Chicklet, Cash","Zappa, Quince, Pease, Egeus, Hippolyta",L,1
Social,2,Mulder,Male,2022-01-25T00:00:00Z,105,3-5,3,5,L,"Sapphire, Chicklet, Cash","Zappa, Quince, Pease, Egeus, Hippolyta",L,1
Social,2,Dumbledore,Male,2022-01-25T00:00:00Z,105,3-5,3,5,L,"Sapphire, Chicklet, Cash","Zappa, Quince, Pease, Egeus, Hippolyta",R,0
Social,2,Dartagnan,Male,2022-01-25T00:00:00Z,105,3-5,3,5,L,"Sapphire, Chicklet, Cash","Zappa, Quince, Pease, Egeus, Hippolyta",L,1
Social,2,Fozzie,Male,2022-01-25T00:00:00Z,105,3-5,3,5,L,"Sapphire, Chicklet, Cash","Zappa, Quince, Pease, Egeus, Hippolyta",L,1
Social,2,Uno,Female,2022-01-25T00:00:00Z,105,3-5,3,5,L,"Sapphire, Chicklet, Cash","Zappa, Quince, Pease, Egeus, Hippolyta",L,1
Social,2,Mote,Male,2022-01-26T00:00:00Z,106,3-4,3,4,L,"Pease, Cash, Quince","Egeus, Hippolyta, Sapphire, Zappa",R,0
Social,2,Mork,Male,2022-01-26T00:00:00Z,106,3-4,3,4,L,"Pease, Cash, Quince","Egeus, Hippolyta, Sapphire, Zappa",L,1
Social,2,Uno,Female,2022-01-26T00:00:00Z,106,3-4,3,4,L,"Pease, Cash, Quince","Egeus, Hippolyta, Sapphire, Zappa",L,1
Social,2,Prudence,Male,2022-01-26T00:00:00Z,106,3-4,3,4,L,"Pease, Cash, Quince","Egeus, Hippolyta, Sapphire, Zappa",L,1
Social,2,Fozzie,Male,2022-01-26T00:00:00Z,106,3-4,3,4,L,"Pease, Cash, Quince","Egeus, Hippolyta, Sapphire, Zappa",R,0
Social,2,Dumbledore,Male,2022-01-26T00:00:00Z,106,3-4,3,4,L,"Pease, Cash, Quince","Egeus, Hippolyta, Sapphire, Zappa",L,1
Social,2,Dartagnan,Male,2022-01-26T00:00:00Z,106,3-4,3,4,L,"Pease, Cash, Quince","Egeus, Hippolyta, Sapphire, Zappa",L,1
Social,2,He-man,Male,2022-01-26T00:00:00Z,106,3-4,3,4,L,"Pease, Cash, Quince","Egeus, Hippolyta, Sapphire, Zappa",L,1
Social,2,Fern,Male,2022-01-26T00:00:00Z,106,3-4,3,4,L,"Pease, Cash, Quince","Egeus, Hippolyta, Sapphire, Zappa",R,0
Social,2,Mulder,Male,2022-01-26T00:00:00Z,106,3-4,3,4,L,"Pease, Cash, Quince","Egeus, Hippolyta, Sapphire, Zappa",L,1
Social,2,Mork,Male,2022-01-27T00:00:00Z,107,1-4,1,4,R,Chicklet,"Sapphire, Pease, Hippolyta, Zappa",R,1
Social,2,He-man,Male,2022-01-27T00:00:00Z,107,1-4,1,4,R,Chicklet,"Sapphire, Pease, Hippolyta, Zappa",R,1
Social,2,Dartagnan,Male,2022-01-27T00:00:00Z,107,1-4,1,4,R,Chicklet,"Sapphire, Pease, Hippolyta, Zappa",R,1
Social,2,Dumbledore,Male,2022-01-27T00:00:00Z,107,1-4,1,4,R,Chicklet,"Sapphire, Pease, Hippolyta, Zappa",R,1
Social,2,Mulder,Male,2022-01-27T00:00:00Z,107,1-4,1,4,R,Chicklet,"Sapphire, Pease, Hippolyta, Zappa",L,0
Social,2,Mote,Male,2022-01-27T00:00:00Z,107,1-4,1,4,R,Chicklet,"Sapphire, Pease, Hippolyta, Zappa",R,1
Social,2,Uno,Female,2022-01-27T00:00:00Z,107,1-4,1,4,R,Chicklet,"Sapphire, Pease, Hippolyta, Zappa",L,0
Social,2,Fozzie,Male,2022-01-27T00:00:00Z,107,1-4,1,4,R,Chicklet,"Sapphire, Pease, Hippolyta, Zappa",L,0
Social,2,Prudence,Male,2022-01-27T00:00:00Z,107,1-4,1,4,R,Chicklet,"Sapphire, Pease, Hippolyta, Zappa",L,0
Social,2,Fern,Male,2022-01-27T00:00:00Z,107,1-4,1,4,R,Chicklet,"Sapphire, Pease, Hippolyta, Zappa",R,1
Social,2,Mork,Male,2022-01-28T00:00:00Z,108,1-3,1,3,R,Egeus,"Hippolyta, Pease, Cash",R,1
Social,2,Mulder,Male,2022-01-28T00:00:00Z,108,1-3,1,3,R,Egeus,"Hippolyta, Pease, Cash",L,0
Social,2,Fozzie,Male,2022-01-28T00:00:00Z,108,1-3,1,3,R,Egeus,"Hippolyta, Pease, Cash",R,1
Social,2,Dartagnan,Male,2022-01-28T00:00:00Z,108,1-3,1,3,R,Egeus,"Hippolyta, Pease, Cash",L,0
Social,2,Dumbledore,Male,2022-01-28T00:00:00Z,108,1-3,1,3,R,Egeus,"Hippolyta, Pease, Cash",L,0
Social,2,Prudence,Male,2022-01-28T00:00:00Z,108,1-3,1,3,R,Egeus,"Hippolyta, Pease, Cash",L,0
Social,2,Fern,Male,2022-01-28T00:00:00Z,108,1-3,1,3,R,Egeus,"Hippolyta, Pease, Cash",L,0
Social,2,Mote,Male,2022-01-28T00:00:00Z,108,1-3,1,3,R,Egeus,"Hippolyta, Pease, Cash",L,0
Social,2,He-man,Male,2022-01-28T00:00:00Z,108,1-3,1,3,R,Egeus,"Hippolyta, Pease, Cash",L,0
Social,2,Uno,Female,2022-01-28T00:00:00Z,108,1-3,1,3,R,Egeus,"Hippolyta, Pease, Cash",R,1
Social,2,He-man,Male,2022-01-28T00:00:00Z,109,1-5,1,5,L,Zappa,"Cash, Egeus, Sapphire, Pease, Quince",R,0
Social,2,Dumbledore,Male,2022-01-28T00:00:00Z,109,1-5,1,5,L,Zappa,"Cash, Egeus, Sapphire, Pease, Quince",L,1
Social,2,Fozzie,Male,2022-01-28T00:00:00Z,109,1-5,1,5,L,Zappa,"Cash, Egeus, Sapphire, Pease, Quince",L,1
Social,2,Dartagnan,Male,2022-01-28T00:00:00Z,109,1-5,1,5,L,Zappa,"Cash, Egeus, Sapphire, Pease, Quince",L,1
Social,2,Mulder,Male,2022-01-28T00:00:00Z,109,1-5,1,5,L,Zappa,"Cash, Egeus, Sapphire, Pease, Quince",R,0
Social,2,Mote,Male,2022-01-28T00:00:00Z,109,1-5,1,5,L,Zappa,"Cash, Egeus, Sapphire, Pease, Quince",R,0
Social,2,Prudence,Male,2022-01-28T00:00:00Z,109,1-5,1,5,L,Zappa,"Cash, Egeus, Sapphire, Pease, Quince",L,1
Social,2,Fern,Male,2022-01-28T00:00:00Z,109,1-5,1,5,L,Zappa,"Cash, Egeus, Sapphire, Pease, Quince",L,1
Social,2,Uno,Female,2022-01-28T00:00:00Z,109,1-5,1,5,L,Zappa,"Cash, Egeus, Sapphire, Pease, Quince",R,0
Social,2,Mork,Male,2022-01-28T00:00:00Z,109,1-5,1,5,L,Zappa,"Cash, Egeus, Sapphire, Pease, Quince",R,0
Social,2,Prudence,Male,2022-01-31T00:00:00Z,110,3-5,3,5,L,"Chicklet, Zappa, Quince","Pease, Sapphire, Cash, Hippolyta, Egeus",L,1
Social,2,Fern,Male,2022-01-31T00:00:00Z,110,3-5,3,5,L,"Chicklet, Zappa, Quince","Pease, Sapphire, Cash, Hippolyta, Egeus",R,0
Social,2,He-man,Male,2022-01-31T00:00:00Z,110,3-5,3,5,L,"Chicklet, Zappa, Quince","Pease, Sapphire, Cash, Hippolyta, Egeus",R,0
Social,2,Mulder,Male,2022-01-31T00:00:00Z,110,3-5,3,5,L,"Chicklet, Zappa, Quince","Pease, Sapphire, Cash, Hippolyta, Egeus",L,1
Social,2,Dartagnan,Male,2022-01-31T00:00:00Z,110,3-5,3,5,L,"Chicklet, Zappa, Quince","Pease, Sapphire, Cash, Hippolyta, Egeus",L,1
Social,2,Dumbledore,Male,2022-01-31T00:00:00Z,110,3-5,3,5,L,"Chicklet, Zappa, Quince","Pease, Sapphire, Cash, Hippolyta, Egeus",L,1
Social,2,Fozzie,Male,2022-01-31T00:00:00Z,110,3-5,3,5,L,"Chicklet, Zappa, Quince","Pease, Sapphire, Cash, Hippolyta, Egeus",R,0
Social,2,Uno,Female,2022-01-31T00:00:00Z,110,3-5,3,5,L,"Chicklet, Zappa, Quince","Pease, Sapphire, Cash, Hippolyta, Egeus",R,0
Social,2,Mork,Male,2022-01-31T00:00:00Z,110,3-5,3,5,L,"Chicklet, Zappa, Quince","Pease, Sapphire, Cash, Hippolyta, Egeus",R,0
Social,2,Mote,Male,2022-01-31T00:00:00Z,110,3-5,3,5,L,"Chicklet, Zappa, Quince","Pease, Sapphire, Cash, Hippolyta, Egeus",L,1
Social,2,Dumbledore,Male,2022-02-01T00:00:00Z,111,2-5,2,5,R,"Quince, Egeus","Chicklet, Pease, Sapphire, Cash, Zappa",L,0
Social,2,Mork,Male,2022-02-01T00:00:00Z,111,2-5,2,5,R,"Quince, Egeus","Chicklet, Pease, Sapphire, Cash, Zappa",R,1
Social,2,He-man,Male,2022-02-01T00:00:00Z,111,2-5,2,5,R,"Quince, Egeus","Chicklet, Pease, Sapphire, Cash, Zappa",L,0
Social,2,Dartagnan,Male,2022-02-01T00:00:00Z,111,2-5,2,5,R,"Quince, Egeus","Chicklet, Pease, Sapphire, Cash, Zappa",R,1
Social,2,Prudence,Male,2022-02-01T00:00:00Z,111,2-5,2,5,R,"Quince, Egeus","Chicklet, Pease, Sapphire, Cash, Zappa",L,0
Social,2,Mote,Male,2022-02-01T00:00:00Z,111,2-5,2,5,R,"Quince, Egeus","Chicklet, Pease, Sapphire, Cash, Zappa",L,0
Social,2,Fozzie,Male,2022-02-01T00:00:00Z,111,2-5,2,5,R,"Quince, Egeus","Chicklet, Pease, Sapphire, Cash, Zappa",L,0
Social,2,Uno,Female,2022-02-01T00:00:00Z,111,2-5,2,5,R,"Quince, Egeus","Chicklet, Pease, Sapphire, Cash, Zappa",L,0
Social,2,Fern,Male,2022-02-01T00:00:00Z,111,2-5,2,5,R,"Quince, Egeus","Chicklet, Pease, Sapphire, Cash, Zappa",R,1
Social,2,Mulder,Male,2022-02-01T00:00:00Z,111,2-5,2,5,R,"Quince, Egeus","Chicklet, Pease, Sapphire, Cash, Zappa",L,0
Social,2,Prudence,Male,2022-02-02T00:00:00Z,112,1-3,1,3,R,Zappa,"Cash, Chicklet, Sapphire",L,0
Social,2,Fern,Male,2022-02-02T00:00:00Z,112,1-3,1,3,R,Zappa,"Cash, Chicklet, Sapphire",L,0
Social,2,He-man,Male,2022-02-02T00:00:00Z,112,1-3,1,3,R,Zappa,"Cash, Chicklet, Sapphire",L,0
Social,2,Dumbledore,Male,2022-02-02T00:00:00Z,112,1-3,1,3,R,Zappa,"Cash, Chicklet, Sapphire",L,0
Social,2,Uno,Female,2022-02-02T00:00:00Z,112,1-3,1,3,R,Zappa,"Cash, Chicklet, Sapphire",L,0
Social,2,Dartagnan,Male,2022-02-02T00:00:00Z,112,1-3,1,3,R,Zappa,"Cash, Chicklet, Sapphire",R,1
Social,2,Mulder,Male,2022-02-02T00:00:00Z,112,1-3,1,3,R,Zappa,"Cash, Chicklet, Sapphire",L,0
Social,2,Mork,Male,2022-02-02T00:00:00Z,112,1-3,1,3,R,Zappa,"Cash, Chicklet, Sapphire",R,1
Social,2,Fozzie,Male,2022-02-02T00:00:00Z,112,1-3,1,3,R,Zappa,"Cash, Chicklet, Sapphire",L,0
Social,2,Mote,Male,2022-02-02T00:00:00Z,112,1-3,1,3,R,Zappa,"Cash, Chicklet, Sapphire",L,0
Social,2,He-man,Male,2022-02-04T00:00:00Z,113,2-6,2,6,R,"Chicklet, Egeus","Cash, Zappa, Hippolyta, Pease, Sapphire, Quince",L,0
Social,2,Dartagnan,Male,2022-02-04T00:00:00Z,113,2-6,2,6,R,"Chicklet, Egeus","Cash, Zappa, Hippolyta, Pease, Sapphire, Quince",L,0
Social,2,Mork,Male,2022-02-04T00:00:00Z,113,2-6,2,6,R,"Chicklet, Egeus","Cash, Zappa, Hippolyta, Pease, Sapphire, Quince",R,1
Social,2,Mulder,Male,2022-02-04T00:00:00Z,113,2-6,2,6,R,"Chicklet, Egeus","Cash, Zappa, Hippolyta, Pease, Sapphire, Quince",L,0
Social,2,Fern,Male,2022-02-04T00:00:00Z,113,2-6,2,6,R,"Chicklet, Egeus","Cash, Zappa, Hippolyta, Pease, Sapphire, Quince",R,1
Social,2,Prudence,Male,2022-02-04T00:00:00Z,113,2-6,2,6,R,"Chicklet, Egeus","Cash, Zappa, Hippolyta, Pease, Sapphire, Quince",L,0
Social,2,Dumbledore,Male,2022-02-04T00:00:00Z,113,2-6,2,6,R,"Chicklet, Egeus","Cash, Zappa, Hippolyta, Pease, Sapphire, Quince",R,1
Social,2,Fozzie,Male,2022-02-04T00:00:00Z,113,2-6,2,6,R,"Chicklet, Egeus","Cash, Zappa, Hippolyta, Pease, Sapphire, Quince",L,0
Social,2,Uno,Female,2022-02-04T00:00:00Z,113,2-6,2,6,R,"Chicklet, Egeus","Cash, Zappa, Hippolyta, Pease, Sapphire, Quince",L,0
Social,2,Mote,Male,2022-02-04T00:00:00Z,113,2-6,2,6,R,"Chicklet, Egeus","Cash, Zappa, Hippolyta, Pease, Sapphire, Quince",L,0
Social,2,Mork,Male,2022-02-04T00:00:00Z,114,0-6,0,6,L,Zappa,"Zappa, Egeus, Chicklet, Cash, Quince, Sapphire",R,0
Social,2,Prudence,Male,2022-02-04T00:00:00Z,114,0-6,0,6,L,Zappa,"Zappa, Egeus, Chicklet, Cash, Quince, Sapphire",R,0
Social,2,Uno,Female,2022-02-04T00:00:00Z,114,0-6,0,6,L,Zappa,"Zappa, Egeus, Chicklet, Cash, Quince, Sapphire",L,1
Social,2,He-man,Male,2022-02-04T00:00:00Z,114,0-6,0,6,L,Zappa,"Zappa, Egeus, Chicklet, Cash, Quince, Sapphire",L,1
Social,2,Mote,Male,2022-02-04T00:00:00Z,114,0-6,0,6,L,Zappa,"Zappa, Egeus, Chicklet, Cash, Quince, Sapphire",R,0
Social,2,Dartagnan,Male,2022-02-04T00:00:00Z,114,0-6,0,6,L,Zappa,"Zappa, Egeus, Chicklet, Cash, Quince, Sapphire",L,1
Social,2,Dumbledore,Male,2022-02-04T00:00:00Z,114,0-6,0,6,L,Zappa,"Zappa, Egeus, Chicklet, Cash, Quince, Sapphire",L,1
Social,2,Fozzie,Male,2022-02-04T00:00:00Z,114,0-6,0,6,L,Zappa,"Zappa, Egeus, Chicklet, Cash, Quince, Sapphire",L,1
Social,2,Fern,Male,2022-02-04T00:00:00Z,114,0-6,0,6,L,Zappa,"Zappa, Egeus, Chicklet, Cash, Quince, Sapphire",L,1
Social,2,Mulder,Male,2022-02-04T00:00:00Z,114,0-6,0,6,L,Zappa,"Zappa, Egeus, Chicklet, Cash, Quince, Sapphire",L,1
Social,2,Mote,Male,2022-02-07T00:00:00Z,115,2-3,2,3,L,"Hippolyta, Quince","Cash, Sapphire, Pease",R,0
Social,2,Mulder,Male,2022-02-07T00:00:00Z,115,2-3,2,3,L,"Hippolyta, Quince","Cash, Sapphire, Pease",L,1
Social,2,He-man,Male,2022-02-07T00:00:00Z,115,2-3,2,3,L,"Hippolyta, Quince","Cash, Sapphire, Pease",R,0
Social,2,Fozzie,Male,2022-02-07T00:00:00Z,115,2-3,2,3,L,"Hippolyta, Quince","Cash, Sapphire, Pease",R,0
Social,2,Dartagnan,Male,2022-02-07T00:00:00Z,115,2-3,2,3,L,"Hippolyta, Quince","Cash, Sapphire, Pease",L,1
Social,2,Fern,Male,2022-02-07T00:00:00Z,115,2-3,2,3,L,"Hippolyta, Quince","Cash, Sapphire, Pease",R,0
Social,2,Dumbledore,Male,2022-02-07T00:00:00Z,115,2-3,2,3,L,"Hippolyta, Quince","Cash, Sapphire, Pease",L,1
Social,2,Prudence,Male,2022-02-07T00:00:00Z,115,2-3,2,3,L,"Hippolyta, Quince","Cash, Sapphire, Pease",L,1
Social,2,Uno,Female,2022-02-07T00:00:00Z,115,2-3,2,3,L,"Hippolyta, Quince","Cash, Sapphire, Pease",L,1
Social,2,Mork,Male,2022-02-07T00:00:00Z,115,2-3,2,3,L,"Hippolyta, Quince","Cash, Sapphire, Pease",R,0
Social,2,Fozzie,Male,2022-02-08T00:00:00Z,116,1-4,1,4,R,Cash,"Quince, Zappa, Sapphire, Chicklet",L,0
Social,2,Mulder,Male,2022-02-08T00:00:00Z,116,1-4,1,4,R,Cash,"Quince, Zappa, Sapphire, Chicklet",L,0
Social,2,He-man,Male,2022-02-08T00:00:00Z,116,1-4,1,4,R,Cash,"Quince, Zappa, Sapphire, Chicklet",R,1
Social,2,Uno,Female,2022-02-08T00:00:00Z,116,1-4,1,4,R,Cash,"Quince, Zappa, Sapphire, Chicklet",R,1
Social,2,Prudence,Male,2022-02-08T00:00:00Z,116,1-4,1,4,R,Cash,"Quince, Zappa, Sapphire, Chicklet",L,0
Social,2,Mork,Male,2022-02-08T00:00:00Z,116,1-4,1,4,R,Cash,"Quince, Zappa, Sapphire, Chicklet",R,1
Social,2,Fern,Male,2022-02-08T00:00:00Z,116,1-4,1,4,R,Cash,"Quince, Zappa, Sapphire, Chicklet",R,1
Social,2,Mote,Male,2022-02-08T00:00:00Z,116,1-4,1,4,R,Cash,"Quince, Zappa, Sapphire, Chicklet",L,0
Social,2,Dumbledore,Male,2022-02-08T00:00:00Z,116,1-4,1,4,R,Cash,"Quince, Zappa, Sapphire, Chicklet",L,0
Social,2,Dartagnan,Male,2022-02-08T00:00:00Z,116,1-4,1,4,R,Cash,"Quince, Zappa, Sapphire, Chicklet",L,0
Social,2,Fozzie,Male,2022-02-09T00:00:00Z,117,3-4,3,4,R,"Egeus, Quince, Chicklet","Sapphire, Cash, Hippolyta, Zappa",L,0
Social,2,Uno,Female,2022-02-09T00:00:00Z,117,3-4,3,4,R,"Egeus, Quince, Chicklet","Sapphire, Cash, Hippolyta, Zappa",L,0
Social,2,Dumbledore,Male,2022-02-09T00:00:00Z,117,3-4,3,4,R,"Egeus, Quince, Chicklet","Sapphire, Cash, Hippolyta, Zappa",L,0
Social,2,Dartagnan,Male,2022-02-09T00:00:00Z,117,3-4,3,4,R,"Egeus, Quince, Chicklet","Sapphire, Cash, Hippolyta, Zappa",L,0
Social,2,Mote,Male,2022-02-09T00:00:00Z,117,3-4,3,4,R,"Egeus, Quince, Chicklet","Sapphire, Cash, Hippolyta, Zappa",L,0
Social,2,Mulder,Male,2022-02-09T00:00:00Z,117,3-4,3,4,R,"Egeus, Quince, Chicklet","Sapphire, Cash, Hippolyta, Zappa",L,0
Social,2,Mork,Male,2022-02-09T00:00:00Z,117,3-4,3,4,R,"Egeus, Quince, Chicklet","Sapphire, Cash, Hippolyta, Zappa",R,1
Social,2,He-man,Male,2022-02-09T00:00:00Z,117,3-4,3,4,R,"Egeus, Quince, Chicklet","Sapphire, Cash, Hippolyta, Zappa",L,0
Social,2,Fern,Male,2022-02-09T00:00:00Z,117,3-4,3,4,R,"Egeus, Quince, Chicklet","Sapphire, Cash, Hippolyta, Zappa",R,1
Social,2,Prudence,Male,2022-02-09T00:00:00Z,117,3-4,3,4,R,"Egeus, Quince, Chicklet","Sapphire, Cash, Hippolyta, Zappa",L,0
Social,2,Mulder,Male,2022-02-10T00:00:00Z,118,1-6,1,6,R,Quince,"Zappa, Pease, Chicklet, Cash, Hippolyta, Sapphire",L,0
Social,2,Mork,Male,2022-02-10T00:00:00Z,118,1-6,1,6,R,Quince,"Zappa, Pease, Chicklet, Cash, Hippolyta, Sapphire",R,1
Social,2,Dumbledore,Male,2022-02-10T00:00:00Z,118,1-6,1,6,R,Quince,"Zappa, Pease, Chicklet, Cash, Hippolyta, Sapphire",R,1
Social,2,Mote,Male,2022-02-10T00:00:00Z,118,1-6,1,6,R,Quince,"Zappa, Pease, Chicklet, Cash, Hippolyta, Sapphire",R,1
Social,2,Fozzie,Male,2022-02-10T00:00:00Z,118,1-6,1,6,R,Quince,"Zappa, Pease, Chicklet, Cash, Hippolyta, Sapphire",R,1
Social,2,Uno,Female,2022-02-10T00:00:00Z,118,1-6,1,6,R,Quince,"Zappa, Pease, Chicklet, Cash, Hippolyta, Sapphire",R,1
Social,2,Prudence,Male,2022-02-10T00:00:00Z,118,1-6,1,6,R,Quince,"Zappa, Pease, Chicklet, Cash, Hippolyta, Sapphire",L,0
Social,2,He-man,Male,2022-02-10T00:00:00Z,118,1-6,1,6,R,Quince,"Zappa, Pease, Chicklet, Cash, Hippolyta, Sapphire",R,1
Social,2,Dartagnan,Male,2022-02-10T00:00:00Z,118,1-6,1,6,R,Quince,"Zappa, Pease, Chicklet, Cash, Hippolyta, Sapphire",R,1
Social,2,Fern,Male,2022-02-10T00:00:00Z,118,1-6,1,6,R,Quince,"Zappa, Pease, Chicklet, Cash, Hippolyta, Sapphire",R,1
Social,2,He-man,Male,2022-02-11T00:00:00Z,119,1-2,1,2,L,Chicklet,"Quince, Sapphire",R,0
Social,2,Dumbledore,Male,2022-02-11T00:00:00Z,119,1-2,1,2,L,Chicklet,"Quince, Sapphire",L,1
Social,2,Fozzie,Male,2022-02-11T00:00:00Z,119,1-2,1,2,L,Chicklet,"Quince, Sapphire",L,1
Social,2,Dartagnan,Male,2022-02-11T00:00:00Z,119,1-2,1,2,L,Chicklet,"Quince, Sapphire",R,0
Social,2,Mulder,Male,2022-02-11T00:00:00Z,119,1-2,1,2,L,Chicklet,"Quince, Sapphire",L,1
Social,2,Mote,Male,2022-02-11T00:00:00Z,119,1-2,1,2,L,Chicklet,"Quince, Sapphire",R,0
Social,2,Prudence,Male,2022-02-11T00:00:00Z,119,1-2,1,2,L,Chicklet,"Quince, Sapphire",L,1
Social,2,Fern,Male,2022-02-11T00:00:00Z,119,1-2,1,2,L,Chicklet,"Quince, Sapphire",L,1
Social,2,Uno,Female,2022-02-11T00:00:00Z,119,1-2,1,2,L,Chicklet,"Quince, Sapphire",L,1
Social,2,Mork,Male,2022-02-11T00:00:00Z,119,1-2,1,2,L,Chicklet,"Quince, Sapphire",L,1
Social,2,Prudence,Male,2022-02-11T00:00:00Z,120,2-4,2,4,L,"Hippolyta, Pease","Sapphire, Chicklet, Quince, Cash",L,1
Social,2,Fern,Male,2022-02-11T00:00:00Z,120,2-4,2,4,L,"Hippolyta, Pease","Sapphire, Chicklet, Quince, Cash",R,0
Social,2,He-man,Male,2022-02-11T00:00:00Z,120,2-4,2,4,L,"Hippolyta, Pease","Sapphire, Chicklet, Quince, Cash",R,0
Social,2,Mulder,Male,2022-02-11T00:00:00Z,120,2-4,2,4,L,"Hippolyta, Pease","Sapphire, Chicklet, Quince, Cash",L,1
Social,2,Dartagnan,Male,2022-02-11T00:00:00Z,120,2-4,2,4,L,"Hippolyta, Pease","Sapphire, Chicklet, Quince, Cash",L,1
Social,2,Dumbledore,Male,2022-02-11T00:00:00Z,120,2-4,2,4,L,"Hippolyta, Pease","Sapphire, Chicklet, Quince, Cash",L,1
Social,2,Fozzie,Male,2022-02-11T00:00:00Z,120,2-4,2,4,L,"Hippolyta, Pease","Sapphire, Chicklet, Quince, Cash",R,0
Social,2,Uno,Female,2022-02-11T00:00:00Z,120,2-4,2,4,L,"Hippolyta, Pease","Sapphire, Chicklet, Quince, Cash",L,1
Social,2,Mork,Male,2022-02-11T00:00:00Z,120,2-4,2,4,L,"Hippolyta, Pease","Sapphire, Chicklet, Quince, Cash",R,0
Social,2,Mote,Male,2022-02-11T00:00:00Z,120,2-4,2,4,L,"Hippolyta, Pease","Sapphire, Chicklet, Quince, Cash",R,0
